58952
57428
58391
59083
57559
57750
60747
58726
59073
0
58802
57697
59061
59417
60577
60581
57538
58979
59974
60419
60821
57947
59791
57880
58003
58384
60193
60100
0
59594
59839
58529
58457
57364
57432
60741
58376
57738
58583
60249
58930
58437
57632
0
59759
57347
0
58377
59679
57380
59521
59607
57703
0
60713
60597
60490
60563
60242
59992
59493
59751
58070
58879
60248
58728
59416
57699
59441
60689
57634
58217
0
58508
57474
60052
58976
58075
59610
57738
0
58010
60608
58393
60117
0
60031
60183
60567
58911
59798
58946
57747
60684
57559
57672
58531
60111
58072
0
