58412
0
59926
58804
58690
59046
59551
0
58137
0
60671
58438
58131
58696
57755
58731
60242
59728
59398
0
57927
0
57878
58048
60455
58201
59533
0
58422
60616
58978
59656
58687
57991
58047
60758
60505
60820
60827
57731
58148
60608
58888
59732
58912
60034
57612
58955
58706
59668
58963
59754
57369
59722
57703
57375
57609
59009
60583
58695
0
58463
57943
57674
60043
58189
57551
59653
58146
57991
0
59746
58735
58573
58468
59987
57698
58753
57863
59800
58001
59739
58775
0
57613
59930
59078
58720
58547
58763
60262
57541
60266
57408
57935
