58412
58504
59926
58804
58690
59046
59551
57398
58137
58192
60671
58438
58131
58696
57755
58731
60242
59728
59398
60586
57927
58567
57878
58048
60455
58201
58570
60003
58422
60616
58978
59656
58687
57991
58047
60758
60505
60820
60827
57731
58148
60608
58888
59732
58912
60034
57612
58774
58706
59668
58963
60032
57369
59722
57703
57375
57609
59009
60583
58695
59440
58664
57455
57674
60043
58189
57551
59653
58146
57991
60073
59746
57687
58573
58468
59987
57698
58753
57897
59800
58001
59739
58775
58569
58452
59930
59078
58720
58547
58763
60262
57541
60266
57408
57935
59985
58389
58175
58566
59923
