58952
57428
58391
59083
57559
57750
60747
58726
59073
58471
58802
57697
59061
59417
60577
60581
57538
58979
59974
60419
60821
57947
59791
57880
60076
58384
60193
60100
60495
59801
59839
58529
60491
57364
57432
60741
58376
57738
58583
60249
58930
60806
57632
57354
59759
57347
57483
60031
59679
60681
59521
59607
57703
58719
60713
57455
60490
60563
60242
59992
59493
59751
58070
58879
60248
58728
59416
57699
59441
60689
57634
57448
57490
58508
57474
59974
58976
58075
59610
57738
57894
58010
60608
58393
60117
60456
58983
60183
60567
58911
59798
58946
57747
60684
57559
57672
58531
60111
58072
57521
