57856 | 58464 
58053 | 57878 
58988 | 59547 
60169 | 57924 
59698 | 60100 
58668 | 60690 
59092 | 58933 
57892 | 60099 
59032 | 57993 
58924 | 60173 
60613 | 60419 
57746 | 57347 
57985 | 59436 
59027 | 60178 
58573 | 57513 
57525 | 59079 
59571 | 60212 
58438 | 57553 
57899 | 59989 
59094 | 59973 
60633 | 59055 
58956 | 57877 
59459 | 60740 
60800 | 58803 
59736 | 60268 
59810 | 57413 
58643 | 60514 
60834 | 60772 
60623 | 60262 
58673 | 60287 
60051 | 57472 
58022 | 57352 
58008 | 60072 
58144 | 59464 
57389 | 60096 
60497 | 57882 
60200 | 59483 
