0
60200
60826
57696
58769
0
0
58370
59987
58179
57426
60724
60072
60609
0
58566
0
0
57905
58017
60115
60073
58372
57699
60673
58054
58016
0
57615
57663
59029
60505
58660
59679
57760
60268
58799
58792
57709
0
59945
58406
58198
58966
0
59491
57362
59424
58881
57929
60102
60699
57641
58018
59035
57894
58886
60521
58567
0
57936
60223
59940
58648
59720
0
58035
57689
58891
0
58886
57909
60232
60548
58381
57453
59587
59789
60831
57540
57389
59071
0
58164
0
0
58793
58523
60468
60767
57485
57349
0
60624
57923
59743
60687
60079
60704
