58943
60425
59994
58932
0
59655
60675
58471
58920
58708
0
58061
58907
57433
57762
60513
60823
59787
59813
60608
58640
58166
57687
58925
60167
60834
59745
58932
59415
59480
0
57903
58725
0
59720
60432
60043
60854
57910
58576
59431
57997
57503
58393
58120
60615
58454
0
59537
0
60546
0
58779
58708
0
0
58676
58193
59930
57642
60467
57621
58208
58755
59503
57611
58185
58154
58052
59559
59672
60170
60772
58689
58114
58008
60678
59952
58879
57520
60565
60562
57957
58950
60241
60209
0
60470
58060
59967
60775
58079
60244
58666
0
58466
0
57633
59545
59968
