58943
60425
59994
58932
58720
59655
58469
58471
58920
58708
60523
58073
60006
57433
57762
60513
60823
59787
59813
60608
58640
58166
57687
58925
60167
60834
59745
58932
59415
59480
58051
57903
58725
57684
59720
60432
60043
60854
57910
58576
59431
57997
59593
58393
58120
60615
58454
58054
59537
57878
58221
57727
58779
58708
59564
58056
58676
58193
59930
57642
60467
57621
58208
58755
58545
57611
58185
58154
58052
59559
59672
60170
60772
58689
58114
58008
58438
59952
58879
57520
60565
60562
57957
58950
58406
60209
60485
60470
58060
59967
60775
58079
60244
58666
59776
58466
58970
57633
59545
59968
