60107
58203
60826
57696
58769
59722
57772
58370
59987
58179
57426
60724
60072
60609
58379
58566
58457
59955
57905
58017
60115
60073
58372
57699
60673
58054
58016
57476
57615
57663
59029
60505
58660
59679
57760
60268
58799
58792
57709
57926
59945
58406
58198
58966
58022
59491
57362
59424
58881
57929
60102
58068
57641
58018
59035
57894
58886
60521
58567
59821
60849
60525
59940
58648
59752
60488
58035
57689
58891
59019
58886
57909
60232
60548
59756
57453
59587
59789
59546
57540
57389
59071
58895
58164
60565
60811
58793
58523
60468
60767
57485
57349
60440
60624
58656
59743
60687
60079
60704
58649
