58367 | 59095 
59655 | 60064 
59672 | 57377 
60179 | 57899 
60041 | 60807 
59586 | 57526 
58006 | 57988 
58572 | 60422 
60748 | 59467 
59498 | 57860 
57490 | 57925 
59802 | 59392 
59944 | 59488 
57365 | 60755 
57887 | 57951 
57889 | 57928 
58775 | 60758 
60740 | 57965 
58901 | 59830 
58036 | 60629 
58504 | 59477 
58211 | 59474 
58915 | 57960 
57567 | 60200 
60553 | 58792 
57681 | 57627 
60819 | 58065 
60736 | 59027 
57620 | 59713 
59457 | 59401 
59821 | 58954 
58644 | 60114 
59567 | 59459 
57488 | 57626 
58626 | 58966 
59080 | 60079 
60749 | 60242 
59051 | 59499 
58220 | 59941 
57505 | 57730 
59542 | 57377 
58452 | 59425 
60480 | 59575 
60167 | 57703 
57780 | 59591 
59025 | 59587 
57668 | 58982 
60001 | 57511 
57711 | 60849 
59830 | 60805 
