60489
58677
58197
58035
58633
57522
57744
59592
58533
59497
58150
60756
58468
58163
59587
57988
59751
60548
58578
59016
57864
58773
59573
60803
58004
57666
60215
60082
60847
59559
58560
60470
57377
60171
58059
59399
57368
58586
57871
58565
57665
59473
58455
59530
60843
60725
60727
59733
60821
58918
58420
57759
60610
60688
57685
58180
57933
60699
57937
57921
59399
59911
57939
59910
59011
58760
58125
59035
60754
59444
60545
58007
57748
58545
60212
58194
58410
60599
60721
58373
58626
58154
59520
58777
58501
60461
60468
59091
60175
57492
60490
58963
60059
57988
58496
58160
60122
59532
60681
60012
