8 | 532
7 | 357
8 | 139
7 | 222
7 | 278
17 | 173
8 | 92
7 | 78
7 | 67
40624 | 77
58645 | 18
24656 | 44
42758 | 36
40620 | 16
41740 | 32
41672 | 29
41842 | 27
41704 | 12
41684 | 36
41702 | 11
41767 | 21
41733 | 19
41835 | 31
41717 | 17
41680 | 24
41737 | 15
41819 | 21
41836 | 15
41621 | 13
41851 | 12
41773 | 7
41784 | 17
42445 | 6
41018 | 11
42417 | 11
41131 | 15
41791 | 10
41768 | 10
41786 | 10
41750 | 11
41782 | 6
41765 | 6
41688 | 17
41899 | 5
41660 | 12
41974 | 5
41670 | 12
41813 | 5
41793 | 12
41707 | 14
41834 | 5
41703 | 10
41774 | 8
41792 | 7
41792 | 10
41818 | 10
41748 | 7
41743 | 12
42153 | 7
43708 | 7
39782 | 7
41797 | 9
42063 | 6
42043 | 9
41696 | 7
41253 | 9
42453 | 5
41102 | 8
41741 | 6
41838 | 8
41900 | 9
41675 | 7
41783 | 4
41945 | 6
41627 | 6
41770 | 6
41763 | 6
41784 | 4
41569 | 7
41852 | 6
41724 | 6
43181 | 6
40350 | 6
43479 | 4
40307 | 6
41830 | 7
41721 | 7
41888 | 8
41834 | 6
41391 | 7
41825 | 5
41791 | 7
42016 | 5
41561 | 6
41825 | 9
41817 | 7
41827 | 6
41679 | 8
41748 | 5
41801 | 6
41811 | 7
41923 | 4
41586 | 8
41867 | 6
42048 | 8
45514 | 4
38122 | 5
41795 | 6
41406 | 7
41827 | 6
41779 | 4
41840 | 4
41817 | 8
43341 | 6
40107 | 8
43512 | 5
40109 | 5
41756 | 7
41769 | 4
41795 | 6
41822 | 7
41787 | 6
41811 | 4
41768 | 6
41744 | 6
41837 | 4
41904 | 6
41889 | 7
41671 | 5
41660 | 5
43284 | 5
40204 | 7
42145 | 7
41737 | 6
41745 | 6
41801 | 7
41916 | 6
42048 | 5
41607 | 10
41699 | 7
41726 | 4
41767 | 7
41775 | 7
41750 | 6
41838 | 5
41824 | 7
41694 | 4
41827 | 5
41863 | 6
41779 | 7
41505 | 6
41798 | 5
41831 | 6
41885 | 6
43695 | 6
39717 | 4
41726 | 6
42048 | 7
41607 | 5
42130 | 6
41421 | 6
41838 | 6
41737 | 6
42147 | 4
41469 | 7
45490 | 5
38088 | 4
41778 | 5
41746 | 6
41875 | 6
41805 | 4
41906 | 7
41805 | 4
41689 | 5
41831 | 5
42028 | 5
41680 | 5
41505 | 6
41704 | 5
42341 | 6
41321 | 6
44049 | 6
39496 | 4
41896 | 7
42688 | 6
40755 | 5
41762 | 6
41952 | 8
41719 | 7
41687 | 6
41860 | 4
41860 | 5
41692 | 6
41769 | 6
41795 | 6
41789 | 5
41806 | 6
41768 | 6
41736 | 6
41834 | 5
41895 | 5
41628 | 5
41873 | 6
45670 | 4
37834 | 5
41825 | 4
42738 | 5
40859 | 6
41787 | 5
41878 | 7
41722 | 6
45424 | 5
38137 | 4
43110 | 5
40445 | 4
41770 | 6
41859 | 6
41704 | 5
41749 | 4
41864 | 6
41811 | 6
41796 | 4
41763 | 6
41852 | 5
41696 | 6
41811 | 5
41836 | 5
41757 | 6
41779 | 7
42008 | 5
45845 | 4
37717 | 5
41924 | 5
41781 | 5
41955 | 6
42919 | 6
40679 | 6
41912 | 5
41644 | 5
41286 | 5
43917 | 6
39637 | 6
41889 | 4
41712 | 35
41713 | 6
41818 | 5
41824 | 4
41739 | 6
41765 | 5
41843 | 6
41789 | 4
41924 | 6
43980 | 4
39593 | 5
42127 | 6
43782 | 6
39654 | 7
42208 | 4
41759 | 5
41292 | 6
41769 | 6
41970 | 9
41606 | 7
41588 | 5
41717 | 6
41774 | 4
41837 | 6
41782 | 6
42359 | 5
41279 | 5
41693 | 6
41706 | 5
41879 | 4
41821 | 8
41948 | 6
41523 | 6
41874 | 6
41668 | 5
41939 | 6
41709 | 6
41821 | 4
42217 | 5
45645 | 4
38002 | 5
42142 | 5
40973 | 5
41763 | 6
41859 | 3
41752 | 5
41772 | 6
41796 | 4
41742 | 5
41791 | 5
41763 | 6
41780 | 5
41976 | 4
41687 | 5
41732 | 6
41752 | 4
41780 | 6
41877 | 5
41802 | 7
42151 | 5
41687 | 6
42208 | 5
41381 | 6
41719 | 4
41760 | 6
41598 | 6
41817 | 6
41743 | 6
41810 | 5
41811 | 4
41675 | 6
41806 | 6
41759 | 4
41974 | 5
41734 | 5
41721 | 6
41840 | 5
41832 | 4
41737 | 5
41783 | 5
41778 | 5
41686 | 7
41892 | 4
41841 | 5
41743 | 4
43566 | 5
39988 | 5
41801 | 4
42257 | 6
41286 | 5
42051 | 5
41470 | 6
41916 | 6
41790 | 5
41768 | 5
41784 | 4
41760 | 5
41810 | 5
41757 | 64
41813 | 6
41757 | 5
41842 | 5
41704 | 5
41785 | 6
41981 | 5
41636 | 6
41730 | 6
48080 | 6
44931 | 6
32342 | 6
41766 | 5
42114 | 5
43455 | 5
40089 | 4
41812 | 6
41772 | 4
41815 | 5
42495 | 5
41504 | 6
42061 | 4
41384 | 6
42057 | 6
41174 | 5
41649 | 6
42020 | 6
41515 | 5
41724 | 6
42045 | 6
41881 | 4
42129 | 5
41368 | 5
41762 | 5
42493 | 5
41014 | 4
41904 | 5
41734 | 5
41769 | 6
42867 | 5
40752 | 5
45094 | 5
38484 | 9
41770 | 6
41705 | 5
41805 | 5
41770 | 5
41745 | 6
41867 | 6
42013 | 5
41799 | 5
41812 | 5
41828 | 6
41860 | 4
41415 | 4
41768 | 5
41907 | 6
41706 | 4
41739 | 7
41975 | 5
41658 | 6
41762 | 6
42483 | 5
47835 | 6
35874 | 4
40965 | 4
43580 | 4
40587 | 5
41346 | 5
41747 | 5
41684 | 4
41946 | 6
41868 | 5
41785 | 5
41544 | 4
41994 | 5
41538 | 5
41836 | 4
41804 | 6
41805 | 5
41875 | 5
41855 | 4
41615 | 5
41840 | 5
41741 | 5
43726 | 6
39779 | 6
41852 | 6
43641 | 5
39934 | 5
41833 | 5
41806 | 5
41727 | 4
43083 | 5
40470 | 5
41873 | 6
41728 | 4
41753 | 5
41849 | 5
41816 | 4
41725 | 5
41779 | 5
41815 | 5
41762 | 5
41839 | 4
41832 | 5
41895 | 6
41669 | 5
41739 | 6
41771 | 4
41810 | 6
42238 | 4
41538 | 4
41550 | 5
41792 | 6
41985 | 5
41633 | 4
41758 | 5
41837 | 5
41949 | 5
41576 | 4
41648 | 5
41776 | 5
41858 | 5
41719 | 5
41762 | 5
41740 | 5
41898 | 6
41740 | 6
41838 | 5
41770 | 5
41832 | 6
41740 | 4
41796 | 5
43579 | 6
39994 | 5
41773 | 6
43067 | 4
40521 | 5
41782 | 6
41815 | 6
41783 | 4
42938 | 5
40694 | 5
41708 | 4
41780 | 6
41797 | 5
41824 | 4
41713 | 5
41879 | 5
41747 | 4
41755 | 5
41794 | 6
41788 | 5
41829 | 5
41840 | 6
45639 | 5
37834 | 5
41829 | 5
41821 | 5
41767 | 5
41770 | 4
41763 | 5
41901 | 5
42465 | 5
41039 | 4
41780 | 4
41734 | 5
41844 | 5
41752 | 4
41815 | 5
42093 | 5
41481 | 5
41806 | 5
41862 | 5
41725 | 6
41824 | 6
41747 | 5
41788 | 6
41859 | 5
41851 | 5
41589 | 6
41844 | 4
42060 | 9
41543 | 5
42083 | 5
41460 | 5
41832 | 5
41726 | 6
42034 | 5
41785 | 5
41811 | 6
41882 | 5
41770 | 5
41776 | 5
41740 | 5
41757 | 5
41795 | 5
41769 | 6
41590 | 5
41777 | 4
41777 | 4
41772 | 5
41803 | 6
41804 | 4
44103 | 5
39426 | 5
41815 | 5
41798 | 6
41713 | 5
45049 | 5
38694 | 6
41733 | 5
43182 | 5
40357 | 5
41844 | 5
41857 | 4
41641 | 5
41800 | 5
41782 | 5
41814 | 5
41845 | 4
41704 | 5
41857 | 6
41774 | 5
41817 | 6
41750 | 6
41841 | 4
41773 | 5
41682 | 5
41851 | 4
41775 | 5
44815 | 5
39471 | 5
41662 | 4
41464 | 5
41978 | 6
41455 | 5
41689 | 5
41818 | 5
44617 | 4
39058 | 6
41663 | 5
41786 | 5
41783 | 5
41823 | 4
41709 | 5
41837 | 6
41847 | 6
41710 | 5
41792 | 5
41710 | 6
41877 | 6
41866 | 6
45780 | 4
37725 | 6
41771 | 5
41846 | 4
41750 | 4
41802 | 5
41790 | 5
42158 | 5
42315 | 5
40878 | 6
41901 | 5
41602 | 5
41887 | 6
42205 | 4
41357 | 5
41859 | 4
41660 | 6
41844 | 5
41769 | 5
41824 | 6
41778 | 4
41768 | 5
41784 | 5
42114 | 5
41755 | 6
41804 | 5
41718 | 5
43684 | 6
39924 | 4
41783 | 5
41775 | 5
41874 | 5
41668 | 5
41659 | 7
41757 | 6
41724 | 5
42246 | 5
41573 | 6
41506 | 6
41745 | 5
41861 | 5
41854 | 5
41760 | 4
41797 | 5
41862 | 5
41729 | 6
41839 | 5
41729 | 6
41760 | 5
45780 | 5
37767 | 5
41825 | 5
41787 | 5
41810 | 5
41788 | 6
41786 | 4
41784 | 6
42839 | 4
40730 | 6
41735 | 5
41900 | 5
41688 | 5
43107 | 5
40517 | 5
41754 | 6
41799 | 4
41925 | 5
41790 | 6
41695 | 5
41756 | 5
41805 | 5
41782 | 5
41833 | 6
41790 | 5
41761 | 5
41822 | 5
41903 | 5
41585 | 5
41814 | 5
41775 | 5
41718 | 5
43913 | 5
39761 | 4
41890 | 5
42686 | 5
40765 | 4
41838 | 4
41761 | 5
41770 | 5
41776 | 6
41786 | 5
41860 | 5
41749 | 5
41765 | 5
42047 | 5
41807 | 5
41754 | 5
41586 | 4
44165 | 5
39518 | 5
41670 | 5
41792 | 5
41791 | 5
44007 | 5
39574 | 5
41816 | 5
41727 | 5
41832 | 5
41687 | 5
41891 | 5
41788 | 5
43503 | 4
40047 | 4
41978 | 5
41595 | 5
41901 | 5
42195 | 5
41302 | 6
42270 | 5
41273 | 5
41830 | 4
41738 | 4
41724 | 5
41936 | 4
41733 | 6
44689 | 4
38895 | 5
41771 | 4
41771 | 5
41821 | 5
41815 | 4
41824 | 5
41710 | 6
43466 | 4
40126 | 5
41941 | 5
41685 | 5
41740 | 6
42872 | 4
40907 | 5
41811 | 5
41691 | 4
41699 | 5
41799 | 6
41743 | 5
41782 | 5
41800 | 4
41767 | 5
41826 | 5
41713 | 5
41863 | 5
41861 | 5
41798 | 5
41672 | 4
41817 | 5
41785 | 5
41845 | 7
41761 | 5
41747 | 5
41856 | 5
45167 | 5
38320 | 5
41833 | 7
41724 | 6
41840 | 5
41729 | 5
41843 | 4
41854 | 5
41823 | 8
41687 | 6
41935 | 5
41655 | 5
41888 | 5
41712 | 5
43720 | 5
39775 | 5
42149 | 5
41729 | 5
41758 | 5
41788 | 5
41579 | 5
41842 | 6
42172 | 4
41336 | 5
42086 | 5
41477 | 5
41794 | 5
42770 | 4
40793 | 5
41872 | 6
41761 | 5
41701 | 5
41855 | 5
41761 | 5
41822 | 5
41928 | 5
45990 | 4
37469 | 5
41748 | 5
41826 | 6
41748 | 5
41798 | 5
41777 | 5
41780 | 5
41950 | 5
41623 | 4
43109 | 5
40495 | 4
41737 | 6
42420 | 5
41281 | 5
41711 | 6
41791 | 5
41856 | 5
41729 | 5
42346 | 5
41540 | 5
41805 | 5
41776 | 5
41724 | 5
41764 | 5
41767 | 5
41785 | 5
43697 | 4
39642 | 5
41946 | 5
41840 | 4
41616 | 31
41787 | 5
41760 | 5
41804 | 5
41786 | 5
41758 | 4
41777 | 5
41822 | 5
41838 | 5
43504 | 5
39961 | 5
41821 | 4
41883 | 5
41727 | 6
42063 | 5
41730 | 5
41922 | 4
41764 | 5
45701 | 6
37938 | 5
41669 | 5
41770 | 4
41757 | 5
41806 | 5
41902 | 5
41688 | 6
41488 | 4
41860 | 5
41774 | 5
41783 | 5
41796 | 5
43091 | 5
41303 | 5
41323 | 5
41400 | 5
41815 | 4
45186 | 6
38625 | 5
41918 | 6
41586 | 5
41932 | 5
41747 | 4
41749 | 5
41808 | 5
41862 | 5
43832 | 5
39744 | 5
41814 | 5
41685 | 5
41604 | 6
41888 | 5
41687 | 5
41738 | 5
41802 | 5
41787 | 4
41779 | 5
70425 | 5
13353 | 5
42483 | 4
40870 | 6
41891 | 4
41701 | 4
41840 | 5
41761 | 5
41788 | 5
41786 | 4
42050 | 5
45874 | 5
37619 | 4
41852 | 5
41792 | 4
41726 | 4
41621 | 5
41744 | 5
41884 | 6
41681 | 6
41738 | 5
41943 | 5
41725 | 4
41831 | 6
43661 | 3
39872 | 4
41928 | 5
41805 | 5
41824 | 5
42175 | 5
41374 | 4
41728 | 5
41879 | 5
41803 | 4
41838 | 4
41713 | 5
41788 | 5
41784 | 5
43820 | 5
39733 | 4
41842 | 5
41709 | 5
41912 | 5
42093 | 5
41364 | 5
41773 | 5
41843 | 5
41835 | 5
41755 | 5
41777 | 5
41815 | 4
42010 | 5
41592 | 6
41775 | 5
41778 | 3
41768 | 4
41776 | 5
41861 | 4
41781 | 5
41668 | 5
41856 | 5
41819 | 5
42226 | 4
41376 | 5
41737 | 5
41767 | 4
41881 | 5
41721 | 6
41906 | 6
41701 | 4
41743 | 6
41815 | 6
41749 | 4
42949 | 5
40714 | 5
41744 | 5
42297 | 4
41272 | 5
42883 | 5
40673 | 6
41805 | 5
41755 | 5
41882 | 5
41768 | 5
41763 | 5
41772 | 5
42019 | 6
43808 | 5
39613 | 4
41744 | 5
41839 | 5
41696 | 5
41779 | 5
41810 | 5
42009 | 5
41712 | 5
41652 | 6
41802 | 4
41770 | 5
42189 | 4
42635 | 5
40656 | 5
41768 | 5
41736 | 5
41761 | 5
42217 | 5
41645 | 5
41825 | 5
41703 | 5
45920 | 5
37748 | 4
41743 | 5
41743 | 4
41788 | 5
41853 | 5
41706 | 6
41738 | 5
41824 | 5
41434 | 5
44767 | 6
38817 | 5
41796 | 5
41751 | 5
41876 | 5
41773 | 6
41909 | 5
41619 | 5
44036 | 5
39555 | 5
41786 | 5
41798 | 6
41822 | 5
41762 | 5
41744 | 4
41790 | 5
42113 | 5
44278 | 5
39301 | 5
41710 | 5
41751 | 5
41813 | 5
41808 | 7
41880 | 6
41725 | 5
41727 | 3
41822 | 5
41814 | 5
41547 | 4
41778 | 5
42789 | 5
40742 | 5
42414 | 5
41204 | 5
41767 | 5
41707 | 4
41825 | 4
41887 | 5
42210 | 5
45616 | 5
37356 | 4
41928 | 5
41810 | 6
41777 | 4
42000 | 6
42117 | 5
41483 | 5
41807 | 5
41953 | 6
41651 | 5
41737 | 5
41796 | 5
42287 | 5
41361 | 4
42132 | 5
41494 | 5
41714 | 5
41478 | 6
41821 | 4
41851 | 5
42137 | 4
41918 | 5
46261 | 5
36783 | 5
41784 | 5
41781 | 6
43837 | 5
39757 | 5
41776 | 5
41796 | 4
41841 | 5
41739 | 6
41759 | 5
41826 | 5
41792 | 5
42090 | 5
41792 | 4
41767 | 5
41818 | 4
42078 | 5
41212 | 4
41765 | 5
41797 | 5
41769 | 4
44824 | 5
39064 | 5
41850 | 4
41398 | 5
45855 | 4
37733 | 5
41801 | 6
41746 | 5
41857 | 5
41877 | 4
41721 | 5
41741 | 6
41783 | 6
42124 | 5
41739 | 5
41729 | 4
41769 | 3
41886 | 5
41728 | 5
41755 | 4
41587 | 4
41787 | 5
41773 | 4
41811 | 5
41790 | 5
41836 | 4
41744 | 5
41789 | 5
41796 | 5
41774 | 5
41779 | 5
43758 | 5
39824 | 5
41983 | 5
41541 | 4
42955 | 5
40563 | 6
41903 | 4
42063 | 5
41807 | 5
41704 | 5
41866 | 5
41498 | 5
41775 | 5
42420 | 4
41219 | 5
41745 | 5
42029 | 5
42700 | 5
41956 | 5
40511 | 5
41755 | 5
41759 | 4
42031 | 5
41537 | 5
42086 | 5
41543 | 5
42216 | 5
41443 | 4
41712 | 5
41816 | 6
41754 | 5
41772 | 5
41821 | 5
41744 | 5
41886 | 5
41735 | 5
41958 | 5
41808 | 5
41884 | 5
41839 | 5
42282 | 5
41300 | 5
41735 | 5
41748 | 5
41921 | 5
41582 | 5
41577 | 5
41805 | 4
41796 | 5
44422 | 5
39152 | 4
41790 | 5
41745 | 5
41816 | 5
41822 | 5
41946 | 5
41652 | 5
41761 | 5
41784 | 5
41773 | 4
41776 | 4
41768 | 5
41809 | 5
41839 | 4
41657 | 5
42143 | 5
41763 | 5
41800 | 5
41789 | 5
41805 | 4
41595 | 4
45911 | 5
37581 | 5
41836 | 5
41783 | 5
41784 | 5
41830 | 5
41755 | 5
41789 | 5
42196 | 5
41388 | 6
41785 | 5
41790 | 5
41723 | 4
41751 | 4
42089 | 5
41814 | 5
41844 | 6
41711 | 5
43051 | 5
40304 | 4
41797 | 5
41773 | 5
41789 | 5
44510 | 4
39353 | 5
41741 | 5
41573 | 5
42184 | 5
41372 | 5
41789 | 5
41838 | 5
41752 | 5
42677 | 5
40839 | 5
41889 | 6
41776 | 5
42099 | 5
41681 | 5
41551 | 5
41796 | 4
41777 | 5
41772 | 5
41871 | 4
41959 | 4
41840 | 4
41676 | 6
42140 | 5
41747 | 5
41350 | 4
44157 | 5
39362 | 4
41793 | 5
41783 | 4
41733 | 6
41866 | 5
41761 | 5
41825 | 5
41926 | 5
41858 | 5
41802 | 5
41896 | 5
41702 | 5
41831 | 5
41714 | 5
41832 | 5
41733 | 5
41804 | 5
42421 | 4
41254 | 4
41771 | 5
41767 | 5
41890 | 5
41354 | 5
41939 | 4
41701 | 6
42196 | 5
43444 | 5
41265 | 5
40569 | 5
41760 | 4
41630 | 5
41851 | 4
41705 | 5
41708 | 5
41759 | 5
41841 | 5
41706 | 6
41886 | 5
41788 | 5
41716 | 5
41760 | 5
41780 | 6
41796 | 5
41747 | 4
43342 | 4
40506 | 5
41794 | 5
41939 | 5
46073 | 5
37353 | 5
41828 | 5
41806 | 6
41820 | 5
41842 | 5
41737 | 4
41816 | 7
41708 | 6
41553 | 5
41747 | 4
41817 | 4
41810 | 5
41764 | 4
41751 | 5
41768 | 4
41860 | 5
41801 | 5
41942 | 5
41615 | 4
41855 | 5
41706 | 5
41826 | 5
45656 | 5
37842 | 4
44102 | 5
39798 | 5
44331 | 5
39265 | 5
41503 | 4
41798 | 5
41814 | 5
41772 | 5
41790 | 5
42066 | 6
41748 | 5
41839 | 5
41719 | 5
41572 | 6
41791 | 5
41787 | 5
41748 | 6
41818 | 5
41889 | 6
41772 | 4
43169 | 5
40329 | 5
42023 | 4
41561 | 5
44249 | 5
39748 | 5
42075 | 5
41479 | 4
41704 | 5
47022 | 5
37128 | 6
43716 | 5
44343 | 6
36851 | 5
41745 | 5
41698 | 4
41963 | 5
41303 | 4
41788 | 5
41813 | 5
41785 | 5
41786 | 5
41980 | 5
41595 | 5
41799 | 4
42095 | 5
41780 | 4
41887 | 5
41639 | 5
41874 | 5
41698 | 5
43909 | 6
39637 | 5
42060 | 5
41588 | 5
41843 | 5
41662 | 5
41793 | 4
41804 | 6
41783 | 5
41878 | 5
41718 | 5
41804 | 5
41518 | 4
41794 | 4
41811 | 5
41771 | 5
42063 | 4
41819 | 4
42117 | 5
41154 | 5
41703 | 4
41891 | 4
41782 | 5
42329 | 5
41268 | 5
41784 | 3
41963 | 5
41959 | 5
41669 | 5
41803 | 5
41773 | 5
41540 | 4
41794 | 5
41833 | 4
41740 | 4
41908 | 5
41965 | 4
41799 | 6
41473 | 4
41751 | 5
42097 | 5
41581 | 6
41688 | 5
41904 | 4
41730 | 4
42103 | 5
41487 | 4
41811 | 5
41742 | 4
43946 | 5
39615 | 4
41898 | 4
41756 | 5
41747 | 5
41743 | 6
41808 | 4
42122 | 5
41784 | 5
41778 | 5
41801 | 5
41380 | 5
41757 | 4
41940 | 5
41999 | 5
41582 | 5
41865 | 5
41637 | 5
42942 | 6
40684 | 4
42072 | 5
42027 | 5
49320 | 5
36821 | 5
38889 | 4
41705 | 5
42166 | 5
41717 | 5
41800 | 6
41735 | 6
41699 | 5
41840 | 5
41794 | 5
41891 | 5
41829 | 5
41737 | 5
41753 | 5
41784 | 5
41549 | 5
41892 | 4
41981 | 5
41503 | 5
41808 | 4
41691 | 4
42212 | 4
42568 | 4
40665 | 5
41898 | 5
41674 | 5
43944 | 5
39684 | 5
41785 | 5
41769 | 5
41781 | 5
41738 | 5
42136 | 5
41733 | 5
41785 | 5
41546 | 5
41774 | 5
41910 | 5
41689 | 5
41780 | 5
42095 | 5
41772 | 5
41859 | 5
41691 | 4
41476 | 5
41837 | 4
41779 | 5
41879 | 5
45991 | 5
39943 | 4
39371 | 5
42110 | 4
41479 | 5
41915 | 5
41831 | 4
41598 | 5
41835 | 5
41791 | 4
41787 | 5
41749 | 5
42056 | 5
41764 | 4
41770 | 4
41904 | 5
42328 | 4
41849 | 5
41289 | 5
41872 | 5
42094 | 5
41221 | 7
41997 | 5
47386 | 5
36059 | 5
43036 | 4
40669 | 6
43719 | 5
40046 | 5
41703 | 5
42078 | 5
41939 | 4
41613 | 5
41875 | 5
41102 | 6
41780 | 5
41810 | 5
41783 | 4
41591 | 4
41776 | 5
41769 | 4
41749 | 5
41818 | 5
41857 | 5
41715 | 5
41784 | 5
41806 | 4
41806 | 6
41783 | 5
41820 | 4
44720 | 5
38640 | 4
41841 | 5
41948 | 5
42060 | 5
41611 | 5
41808 | 5
41830 | 5
41361 | 4
41877 | 5
41783 | 5
41719 | 5
41929 | 5
41767 | 4
41721 | 5
41789 | 4
41820 | 5
42059 | 5
41595 | 4
41721 | 4
41814 | 5
41812 | 5
42754 | 5
41175 | 5
41652 | 5
41725 | 5
43994 | 4
39556 | 5
41687 | 5
41690 | 5
41797 | 5
44049 | 6
39495 | 5
42061 | 5
41765 | 5
41561 | 5
41831 | 5
41770 | 5
41740 | 5
42463 | 5
41409 | 5
41794 | 5
41556 | 5
41614 | 4
42119 | 4
41816 | 5
41869 | 5
41732 | 5
41748 | 5
42307 | 5
41324 | 5
41802 | 6
41748 | 5
41679 | 4
41594 | 5
41874 | 5
41760 | 5
41793 | 6
41745 | 4
41995 | 5
41882 | 5
42000 | 5
41644 | 5
41945 | 5
41714 | 5
41584 | 4
42011 | 5
42484 | 5
41391 | 5
41951 | 5
41585 | 5
42541 | 5
40667 | 4
41806 | 4
41821 | 5
43925 | 5
39552 | 4
41757 | 4
41808 | 5
41561 | 5
41747 | 5
41889 | 5
41784 | 5
41709 | 5
42046 | 4
41777 | 6
41805 | 4
41919 | 6
41794 | 4
41310 | 5
41861 | 5
41800 | 5
41841 | 5
41779 | 5
42043 | 4
41778 | 5
41872 | 10
41699 | 5
42565 | 4
40772 | 6
41818 | 5
41749 | 5
41921 | 5
43736 | 5
40024 | 6
41799 | 5
41802 | 4
41830 | 5
41660 | 4
41413 | 5
41908 | 5
41810 | 5
41977 | 5
41647 | 4
41965 | 4
41779 | 5
41802 | 5
41782 | 5
41562 | 4
41841 | 5
41816 | 5
41709 | 4
41767 | 5
42134 | 4
44234 | 5
39297 | 4
41807 | 5
41689 | 5
41650 | 5
41753 | 6
41769 | 5
41780 | 4
41777 | 5
42529 | 4
41331 | 5
41753 | 6
42041 | 5
41616 | 5
41432 | 5
41806 | 5
41826 | 5
41763 | 6
41802 | 5
41809 | 4
41795 | 5
41782 | 5
41774 | 5
43720 | 6
39830 | 4
41896 | 5
41779 | 5
41810 | 4
42297 | 5
41189 | 5
42271 | 5
41735 | 4
41635 | 5
41885 | 5
41370 | 5
41871 | 5
41760 | 5
41820 | 5
41754 | 5
42015 | 4
41850 | 5
41730 | 5
41805 | 4
41513 | 5
41837 | 4
41822 | 5
41754 | 4
41775 | 5
42132 | 4
43855 | 4
39649 | 4
41782 | 5
41764 | 4
41528 | 5
41774 | 5
41854 | 4
41816 | 5
41726 | 5
41776 | 4
41812 | 5
41781 | 5
41786 | 4
41841 | 4
41666 | 5
41932 | 6
41696 | 5
41797 | 4
41945 | 6
41963 | 4
41677 | 5
41804 | 5
41772 | 4
42206 | 5
41196 | 5
41775 | 5
41761 | 5
42004 | 5
45089 | 5
38533 | 5
41755 | 5
41643 | 4
41724 | 5
41721 | 5
41818 | 4
41789 | 5
41750 | 5
41872 | 5
41764 | 6
41909 | 5
41702 | 6
42022 | 5
41822 | 5
41518 | 5
41829 | 5
41779 | 4
41754 | 5
41842 | 4
42031 | 5
43895 | 6
40098 | 5
41397 | 5
41695 | 5
41583 | 5
41743 | 5
42036 | 5
41623 | 5
41730 | 5
41797 | 5
41779 | 5
41809 | 5
41784 | 5
41784 | 5
41774 | 5
41799 | 33
41793 | 4
41767 | 4
41761 | 5
41748 | 4
41763 | 5
42100 | 4
41864 | 5
42053 | 5
41206 | 4
41840 | 5
41742 | 5
41984 | 4
45726 | 5
37900 | 5
41858 | 5
41656 | 5
42004 | 5
41403 | 5
41698 | 4
41881 | 5
41755 | 5
41933 | 4
41780 | 5
41656 | 5
41835 | 5
41805 | 5
41759 | 5
41761 | 5
41876 | 4
41768 | 5
41823 | 5
41735 | 5
41763 | 5
44088 | 4
40994 | 4
40601 | 5
41972 | 5
41246 | 5
41938 | 5
41706 | 5
41781 | 5
41790 | 5
41993 | 4
41818 | 4
41771 | 6
41828 | 4
41803 | 5
41464 | 5
41878 | 4
41759 | 5
41779 | 5
45198 | 5
38360 | 4
41807 | 5
41732 | 5
41852 | 4
41810 | 5
41770 | 5
41888 | 5
41728 | 4
41967 | 5
43843 | 5
39547 | 5
41718 | 5
42071 | 4
41768 | 5
41942 | 5
41733 | 5
41789 | 5
41475 | 5
42121 | 5
41376 | 6
41897 | 5
41783 | 5
42061 | 5
41783 | 7
41534 | 5
41761 | 5
41796 | 4
41781 | 5
41792 | 5
41770 | 4
44163 | 5
40383 | 5
40852 | 5
41762 | 5
41762 | 5
41743 | 6
42417 | 5
41228 | 5
42028 | 5
41567 | 4
41770 | 4
41744 | 5
42045 | 5
42703 | 4
41034 | 5
42415 | 4
41620 | 4
40976 | 5
41787 | 4
41781 | 4
41837 | 5
42193 | 5
41578 | 5
41809 | 5
41533 | 4
41810 | 5
41767 | 4
42031 | 5
42453 | 5
40901 | 5
41788 | 4
41889 | 5
41700 | 6
41815 | 5
41742 | 4
41789 | 5
42292 | 4
41295 | 5
41767 | 5
42330 | 5
41554 | 4
42376 | 5
42827 | 4
40018 | 4
41724 | 5
41750 | 5
41725 | 5
41791 | 5
41863 | 4
42299 | 5
41213 | 4
42135 | 5
41373 | 4
41861 | 4
41752 | 5
43122 | 5
40419 | 5
42126 | 5
41527 | 5
41791 | 5
41821 | 4
41844 | 5
41711 | 5
41721 | 4
41914 | 5
41715 | 5
41801 | 4
41771 | 5
41796 | 5
41802 | 5
41717 | 4
41834 | 5
41811 | 5
41693 | 4
41908 | 5
41953 | 4
42676 | 5
41622 | 5
41119 | 5
41794 | 5
41605 | 5
41725 | 5
41845 | 6
41659 | 4
41844 | 5
41817 | 5
41784 | 5
41839 | 5
41791 | 5
41656 | 5
41893 | 5
41771 | 5
43936 | 5
39875 | 4
41809 | 4
41586 | 5
41730 | 5
41804 | 5
44003 | 4
39567 | 5
41996 | 5
41727 | 4
41993 | 5
41759 | 4
41427 | 5
41783 | 5
41758 | 5
41948 | 5
41734 | 5
43249 | 4
40301 | 6
41894 | 4
41638 | 4
41867 | 5
41870 | 5
41655 | 5
41823 | 4
41770 | 5
41867 | 5
41743 | 5
41731 | 4
41742 | 5
42122 | 5
41810 | 5
41969 | 4
42063 | 5
42852 | 4
40404 | 6
41790 | 5
41821 | 4
41776 | 5
41502 | 4
41815 | 5
41791 | 4
41781 | 5
41789 | 6
42225 | 5
41454 | 6
41749 | 4
41746 | 4
41797 | 5
41759 | 5
41792 | 5
41800 | 5
41897 | 33
41719 | 6
41783 | 4
44207 | 5
40286 | 4
41182 | 5
41646 | 5
41824 | 4
41720 | 5
41770 | 5
41859 | 5
41818 | 5
41577 | 5
41726 | 5
41840 | 5
41730 | 6
41770 | 4
41739 | 5
41755 | 5
41873 | 4
41828 | 4
41782 | 5
41841 | 4
41701 | 5
41769 | 4
41890 | 5
41657 | 5
41854 | 4
41828 | 5
41748 | 5
42025 | 5
42860 | 5
40767 | 5
41754 | 5
41772 | 5
41783 | 4
42712 | 5
40648 | 5
41866 | 5
42100 | 4
41408 | 5
41747 | 5
41772 | 5
41884 | 5
41723 | 4
41822 | 5
41905 | 5
41683 | 4
41848 | 5
41702 | 5
41763 | 5
41947 | 4
44319 | 5
39412 | 5
41784 | 4
41793 | 5
41499 | 5
41816 | 5
42212 | 5
41399 | 6
41768 | 4
41977 | 5
41854 | 5
41546 | 5
41755 | 5
41787 | 6
41743 | 4
41890 | 5
41808 | 5
41562 | 5
41852 | 5
41713 | 5
41820 | 4
41761 | 6
41833 | 4
41748 | 4
41762 | 5
41834 | 4
41801 | 5
42056 | 4
41537 | 5
41971 | 5
41786 | 4
41790 | 5
41806 | 5
41783 | 6
41600 | 4
41730 | 5
41831 | 5
41789 | 5
41740 | 5
41997 | 5
41815 | 5
41573 | 5
41840 | 4
41805 | 5
41731 | 5
41737 | 5
41758 | 5
41865 | 4
41779 | 6
44201 | 6
39419 | 4
41986 | 5
41719 | 4
41683 | 5
41722 | 6
42733 | 5
40892 | 5
41761 | 4
42465 | 5
41428 | 4
41761 | 5
41801 | 5
41793 | 4
41391 | 5
41930 | 5
41814 | 4
41777 | 5
41736 | 4
41768 | 5
41815 | 5
41766 | 5
41779 | 5
41777 | 5
41825 | 5
41866 | 5
41683 | 5
42058 | 5
41537 | 4
41785 | 5
41804 | 5
42073 | 4
41803 | 6
41789 | 5
41481 | 5
41782 | 66
41766 | 4
41970 | 5
42151 | 4
41441 | 4
41857 | 5
41757 | 4
41760 | 6
41842 | 4
41492 | 4
42287 | 5
41525 | 5
41913 | 5
41716 | 5
42892 | 4
40752 | 5
42536 | 4
40962 | 5
41765 | 5
41732 | 5
42072 | 5
41408 | 5
41728 | 5
41978 | 5
41679 | 5
44111 | 5
39458 | 4
41998 | 5
42206 | 4
42185 | 5
41429 | 5
42386 | 4
41049 | 6
42295 | 4
41286 | 5
41638 | 3
41784 | 5
42325 | 5
41167 | 5
41838 | 5
41501 | 4
43003 | 5
40794 | 5
41661 | 5
41777 | 4
42050 | 5
41544 | 5
46990 | 5
36686 | 4
42058 | 5
41638 | 4
42161 | 5
41427 | 4
42068 | 4
41775 | 5
41301 | 4
41758 | 5
41733 | 5
41890 | 4
41863 | 5
41731 | 6
41748 | 5
41575 | 5
44245 | 5
39353 | 5
41785 | 4
41770 | 5
41810 | 5
41729 | 4
42933 | 5
41020 | 5
41374 | 4
41873 | 5
41787 | 5
42928 | 5
40654 | 5
41782 | 4
41820 | 4
41754 | 5
41957 | 4
41754 | 5
41653 | 4
41798 | 4
41787 | 4
41782 | 6
41851 | 5
41782 | 5
42044 | 5
41835 | 5
41693 | 5
42095 | 5
41432 | 5
41828 | 6
41776 | 4
41806 | 5
41785 | 4
42079 | 5
41250 | 4
41812 | 5
41789 | 6
41810 | 4
44964 | 5
38566 | 6
41801 | 5
41842 | 4
41716 | 4
41804 | 5
41738 | 6
41889 | 4
41751 | 5
41787 | 5
41835 | 5
46803 | 5
36719 | 4
42035 | 4
41753 | 5
41652 | 4
42462 | 6
41063 | 5
41785 | 6
42022 | 4
41845 | 5
41833 | 5
41756 | 4
41774 | 5
41773 | 5
41417 | 5
42453 | 5
41305 | 5
41710 | 5
41784 | 5
41751 | 4
41801 | 5
41811 | 4
41798 | 4
41708 | 5
41909 | 4
41765 | 5
41738 | 5
42166 | 5
41410 | 4
41814 | 6
41956 | 5
41893 | 4
41831 | 5
42923 | 5
40330 | 6
41802 | 5
41850 | 4
41738 | 5
44392 | 5
39416 | 4
41860 | 5
41866 | 4
41657 | 4
41832 | 5
41492 | 5
41805 | 5
41852 | 5
41710 | 5
41769 | 5
46816 | 5
37050 | 5
41797 | 5
41758 | 5
41553 | 5
42441 | 6
41219 | 5
43464 | 5
40041 | 5
42009 | 5
41786 | 5
41727 | 5
41826 | 5
41849 | 4
41458 | 5
41827 | 4
41827 | 5
41749 | 4
41956 | 5
41623 | 5
41718 | 5
42247 | 5
41424 | 4
41886 | 5
41689 | 5
41985 | 5
41670 | 5
44825 | 5
38968 | 4
41767 | 5
41568 | 5
41819 | 5
41725 | 5
43034 | 5
40863 | 4
42191 | 5
41364 | 5
41800 | 5
41716 | 5
41785 | 4
41781 | 5
41773 | 5
41793 | 5
41761 | 5
41858 | 4
41850 | 5
41453 | 5
41813 | 5
41787 | 5
46660 | 5
36942 | 5
41753 | 5
41788 | 4
41946 | 4
42432 | 5
41122 | 5
41585 | 5
41896 | 5
41760 | 5
41799 | 5
42433 | 4
41173 | 5
41747 | 5
41779 | 5
41810 | 4
41742 | 4
41844 | 5
41806 | 5
42023 | 5
41832 | 3
41732 | 5
41855 | 4
41750 | 5
41803 | 5
41711 | 5
41466 | 5
44511 | 5
39261 | 4
41778 | 5
41733 | 5
41748 | 5
41877 | 5
41727 | 4
41799 | 5
41783 | 5
41798 | 5
41844 | 5
43213 | 5
40288 | 3245
38664 | 9
41701 | 5
41803 | 6
42142 | 4
41615 | 6
41819 | 4
41763 | 5
41557 | 5
42237 | 5
46193 | 5
37010 | 5
42034 | 6
41704 | 4
41814 | 5
42377 | 7
40938 | 5
41873 | 5
41703 | 5
41782 | 5
41783 | 5
43093 | 5
40457 | 4
41809 | 5
41781 | 5
41837 | 5
42665 | 4
41106 | 5
41823 | 5
41765 | 4
41814 | 5
41781 | 5
41741 | 5
41784 | 4
41831 | 5
41962 | 6
41681 | 5
44394 | 5
39194 | 5
41475 | 4
41766 | 5
41890 | 4
41614 | 5
41914 | 5
41728 | 4
41837 | 5
41791 | 5
41805 | 6
44861 | 5
38703 | 4
41776 | 4
41799 | 5
41786 | 4
41750 | 6
41814 | 4
41807 | 5
42116 | 4
41771 | 5
41790 | 5
46208 | 5
37356 | 5
41710 | 4
41792 | 4
41773 | 5
42912 | 5
40729 | 5
41481 | 4
41838 | 4
41823 | 5
41729 | 5
43891 | 5
39691 | 4
42158 | 6
41349 | 5
41836 | 4
42260 | 4
41323 | 5
41757 | 5
42103 | 5
41735 | 4
41790 | 5
41763 | 4
41837 | 4
41997 | 5
41636 | 5
41479 | 5
42134 | 4
41425 | 5
41870 | 5
41747 | 4
41833 | 5
41748 | 5
41761 | 4
41787 | 5
41846 | 5
41716 | 5
41972 | 5
41878 | 5
41634 | 5
41728 | 5
42058 | 5
41758 | 5
43252 | 5
40374 | 5
41752 | 4
41540 | 5
41801 | 6
41785 | 5
42825 | 6
41101 | 5
41875 | 4
42116 | 6
41009 | 5
43249 | 5
40514 | 6
41651 | 4
41742 | 4
41795 | 5
41808 | 5
42778 | 5
40792 | 5
42014 | 5
41558 | 4
41787 | 5
42772 | 4
40808 | 5
41980 | 5
41717 | 5
41795 | 5
42023 | 4
41871 | 5
41706 | 5
41788 | 5
41960 | 8
41661 | 5
42307 | 5
41273 | 5
41770 | 5
41544 | 5
41789 | 4
41924 | 4
41999 | 5
41396 | 5
41837 | 5
41838 | 5
41925 | 5
42526 | 4
40889 | 4
41759 | 5
41721 | 4
41889 | 5
42044 | 5
41596 | 5
41750 | 5
42018 | 6
41754 | 5
41785 | 5
46641 | 5
37000 | 5
41722 | 5
41752 | 4
41877 | 5
41895 | 6
41624 | 5
41551 | 5
41846 | 5
41811 | 6
41731 | 4
41791 | 5
41783 | 4
41780 | 5
41746 | 5
41846 | 5
44390 | 5
39285 | 4
41666 | 4
41798 | 4
41888 | 5
41688 | 5
41803 | 5
41773 | 5
42016 | 5
41911 | 6
41793 | 5
43967 | 4
39225 | 5
41880 | 5
41742 | 5
42141 | 6
41848 | 5
41665 | 5
41742 | 5
41768 | 5
41563 | 5
41784 | 4
42880 | 5
40712 | 5
41728 | 5
41908 | 5
41700 | 4
41787 | 5
41782 | 5
41887 | 6
41740 | 5
41811 | 4
41739 | 5
44361 | 5
39223 | 5
41837 | 5
41678 | 5
42084 | 4
42702 | 5
40948 | 5
41752 | 5
41924 | 5
41670 | 5
41543 | 5
42314 | 4
41389 | 5
41551 | 5
41774 | 5
41955 | 4
45405 | 5
37948 | 5
41805 | 4
41773 | 4
41918 | 6
41631 | 5
41808 | 6
41763 | 5
41858 | 4
41772 | 5
41974 | 5
43947 | 5
39958 | 5
41580 | 5
41838 | 4
41678 | 5
41816 | 5
41736 | 5
41557 | 5
41787 | 5
41777 | 5
41811 | 6
43113 | 5
40387 | 5
41838 | 5
41789 | 5
41950 | 5
42306 | 4
41146 | 5
41849 | 5
42164 | 5
41814 | 5
41324 | 5
46695 | 4
37106 | 5
41794 | 5
41723 | 5
41839 | 4
42182 | 5
41562 | 5
43137 | 6
40707 | 5
41212 | 5
41703 | 6
41796 | 3
41753 | 5
41800 | 5
41752 | 4
41826 | 5
46274 | 5
37286 | 5
41831 | 5
41795 | 5
41781 | 5
41990 | 5
41779 | 4
41860 | 5
41754 | 4
41792 | 5
41823 | 4
44585 | 5
38958 | 5
41868 | 5
41790 | 5
41792 | 5
41767 | 5
41663 | 5
41514 | 4
41886 | 4
41795 | 5
41782 | 5
42839 | 5
40766 | 4
41752 | 4
41839 | 5
41779 | 5
43882 | 5
39690 | 5
41820 | 5
41733 | 5
41820 | 5
42062 | 5
47510 | 5
36035 | 4
41747 | 5
41792 | 5
41762 | 5
42766 | 5
40921 | 5
41472 | 4
41818 | 5
41754 | 5
41813 | 5
41761 | 5
41802 | 4
41813 | 5
41781 | 5
41819 | 5
42908 | 5
40612 | 6
41732 | 4
41863 | 4
41904 | 5
41648 | 5
41888 | 5
41704 | 5
42035 | 5
41837 | 4
42206 | 5
41298 | 5
41767 | 5
41882 | 6
41834 | 5
41445 | 4
43373 | 5
40207 | 5
41762 | 5
41746 | 5
41894 | 5
41850 | 3
41713 | 5
41797 | 5
41862 | 4
41718 | 6
41889 | 5
43203 | 5
41306 | 5
41069 | 5
42755 | 5
40975 | 5
43052 | 5
44143 | 4
37991 | 6
41434 | 5
42889 | 4
40817 | 5
41708 | 5
41853 | 5
41961 | 5
41810 | 6
41584 | 5
41731 | 6
41795 | 4
41876 | 5
41735 | 6
41732 | 4
41809 | 5
43587 | 5
39995 | 4
41793 | 5
41730 | 5
41924 | 5
41949 | 5
41562 | 5
41762 | 5
41821 | 4
41775 | 5
41779 | 5
42795 | 5
41063 | 5
41755 | 5
41784 | 5
41520 | 4
41816 | 5
41793 | 5
41805 | 5
41743 | 5
41934 | 5
41891 | 4
41585 | 6
41815 | 3813
38146 | 9
41608 | 5
41736 | 5
41888 | 5
41789 | 5
42871 | 5
40663 | 5
41760 | 5
42041 | 5
44767 | 6
38889 | 5
41452 | 4
41786 | 5
41816 | 5
41808 | 5
41799 | 5
41961 | 6
41798 | 5
41787 | 5
41796 | 5
42158 | 4
41181 | 5
41799 | 5
41748 | 4
41814 | 6
42975 | 5
40600 | 5
41787 | 5
42018 | 5
41539 | 6
43553 | 5
40112 | 4
42341 | 4
41399 | 4
42573 | 5
41452 | 5
44009 | 5
39623 | 5
41607 | 6
41820 | 5
42112 | 5
41605 | 5
41813 | 5
41514 | 5
41606 | 5
41450 | 5
41921 | 5
41740 | 6
41816 | 6
41760 | 5
41794 | 5
41773 | 5
42550 | 5
41073 | 4
41837 | 5
41693 | 5
41802 | 5
41747 | 4
44657 | 5
38935 | 4
41790 | 5
41774 | 4
41946 | 4
41560 | 5
41899 | 5
41990 | 5
41804 | 5
41783 | 5
41806 | 5
41749 | 5
41810 | 5
41809 | 5
41524 | 5
41828 | 5
41815 | 5
41866 | 6
41656 | 5
41799 | 5
41792 | 5
43374 | 5
40199 | 4
41770 | 4
41825 | 5
41806 | 4
41813 | 5
42229 | 5
41296 | 5
41813 | 6
41772 | 5
41747 | 5
41831 | 6
41781 | 4
41811 | 4
41829 | 5
41881 | 4
41913 | 5
41769 | 5
41760 | 5
41787 | 5
41630 | 5
41786 | 5
42673 | 4
40859 | 5
41849 | 3187
38687 | 7
41721 | 5
41783 | 5
44595 | 5
38932 | 5
41710 | 5
41974 | 5
41635 | 5
41727 | 4
42106 | 5
41744 | 5
41886 | 27
41776 | 6
41723 | 5
41782 | 5
41758 | 5
41834 | 5
41745 | 5
41582 | 5
41853 | 5
42322 | 5
41652 | 5
41315 | 4
41790 | 5
44090 | 4
39515 | 5
41770 | 5
41805 | 4
41792 | 5
41921 | 5
42544 | 5
40867 | 5
42072 | 5
41524 | 5
41775 | 5
42000 | 4
41816 | 5
42259 | 4
41637 | 5
41584 | 5
41887 | 7
41428 | 6
41750 | 5
41778 | 5
42119 | 4
41419 | 4
42804 | 5
40821 | 4
41807 | 5
41733 | 5
41793 | 5
43248 | 5
40545 | 5
41905 | 4
41438 | 5
41849 | 5
41721 | 6
41762 | 5
41884 | 5
41970 | 5
41769 | 4
41737 | 5
41865 | 5
41972 | 5
41361 | 5
41784 | 5
41773 | 5
41821 | 5
41810 | 5
41788 | 5
41748 | 5
41774 | 5
41820 | 4
42151 | 5
41519 | 5
41717 | 5
41777 | 4
41773 | 4
41906 | 5
42213 | 4
41240 | 5
41763 | 6
41823 | 4
41797 | 5
41809 | 4
41763 | 5
42417 | 4
41654 | 5
41639 | 5
41758 | 5
41778 | 4
41428 | 6
41874 | 5
41733 | 5
41895 | 5
42831 | 5
40680 | 5
41817 | 5
41743 | 4
41825 | 5
43029 | 5
43215 | 5
39103 | 5
42084 | 5
41787 | 5
41484 | 4
41764 | 5
41810 | 6
41778 | 6
41836 | 5
41800 | 4
42177 | 4
41637 | 4
41768 | 6
41783 | 5
41498 | 5
41923 | 5
41736 | 4
41760 | 4
41772 | 4
41754 | 4
41845 | 5
42861 | 4
40695 | 5
41779 | 5
41820 | 5
41852 | 4
41651 | 5
43317 | 5
40330 | 4
41813 | 5
41759 | 5
42067 | 4
41757 | 4
41805 | 5
41518 | 5
41966 | 6
41683 | 6
41726 | 4
41795 | 5
42134 | 4
41678 | 6
41885 | 5
41709 | 4
41728 | 5
41609 | 5
41823 | 5
41754 | 5
41835 | 5
46068 | 4
40083 | 4
39157 | 4
41788 | 5
41777 | 4
41774 | 5
41818 | 4
41843 | 5
41670 | 6
42254 | 4
41709 | 5
41699 | 5
41570 | 5
42002 | 5
42039 | 6
41679 | 5
41829 | 5
41795 | 5
41793 | 4
41881 | 5
41652 | 5
41803 | 5
43065 | 5
40501 | 4
42017 | 5
41403 | 4
41751 | 5
41765 | 5
44167 | 4
39466 | 5
41807 | 6
41786 | 5
41731 | 5
41823 | 4
41768 | 5
41794 | 7
42060 | 10
41548 | 6
41713 | 5
41824 | 6
41780 | 4
41739 | 5
41824 | 5
41799 | 5
41779 | 5
42069 | 5
41795 | 4
41729 | 5
41808 | 5
41702 | 4
44496 | 5
38933 | 4
41772 | 5
41860 | 5
42622 | 4
41095 | 5
41890 | 5
41523 | 6
41770 | 5
41766 | 5
41831 | 5
41745 | 4
41799 | 5
41756 | 5
41716 | 5
41892 | 5
41810 | 5
41945 | 5
41719 | 5
41672 | 5
41787 | 5
42924 | 4
40973 | 5
41657 | 4
41665 | 5
41731 | 5
41785 | 5
42360 | 5
41182 | 4
42084 | 4
41770 | 5
41789 | 4
41937 | 6
41648 | 4
41510 | 5
42111 | 5
41458 | 5
41919 | 9
41772 | 4
41729 | 4
41859 | 5
41741 | 5
41757 | 4
41835 | 4
42025 | 5
41750 | 5
41782 | 5
41774 | 4
42102 | 5
44632 | 5
38618 | 5
41848 | 4
41813 | 5
41668 | 5
41802 | 6
41759 | 5
41786 | 5
41465 | 5
41747 | 5
41832 | 4
41786 | 5
41766 | 4
41822 | 5
41779 | 5
42050 | 4
41815 | 5
41741 | 6
41853 | 5
41470 | 4
41834 | 5
41797 | 5
41769 | 4
41797 | 5
41772 | 5
41785 | 5
43246 | 5
40942 | 4
41162 | 4
41768 | 6
41853 | 4
42034 | 4
41732 | 5
41813 | 5
41589 | 4
42155 | 5
41376 | 5
41851 | 4
41734 | 5
41809 | 4
41796 | 5
41785 | 5
41862 | 4
41743 | 5
41732 | 5
41844 | 5
41732 | 5
41792 | 5
43082 | 5
41637 | 4
40712 | 5
41744 | 4
41812 | 4
42129 | 5
41401 | 5
41830 | 6
42048 | 6
42444 | 5
41502 | 5
41952 | 4
42095 | 5
40905 | 4
42596 | 4
41038 | 5
41856 | 4
41919 | 5
43620 | 5
39423 | 5
41772 | 5
41867 | 4
41836 | 5
41980 | 5
41658 | 4
41750 | 5
41728 | 5
44629 | 4
39620 | 5
41097 | 5
41844 | 5
41769 | 5
41742 | 5
42530 | 5
41116 | 5
42038 | 5
42040 | 4
41228 | 5
41762 | 4
41760 | 5
41866 | 5
41789 | 5
41860 | 5
41918 | 4
41823 | 5
41768 | 5
41888 | 4
41492 | 6
41767 | 5
43457 | 4
42930 | 5
39047 | 5
41731 | 5
41799 | 5
42145 | 4
41373 | 5
42039 | 6
42088 | 5
41209 | 4
41864 | 5
41982 | 5
41850 | 5
41824 | 7
41787 | 5
41717 | 4
41658 | 5
41707 | 4
41778 | 5
41804 | 4
41682 | 4
41882 | 5
41829 | 5
41765 | 5
41820 | 4
41711 | 4
41799 | 5
42010 | 5
42220 | 6
41176 | 5
41780 | 6
41803 | 6
41885 | 6
41679 | 5
41835 | 6
43214 | 4
40570 | 5
41503 | 4
41816 | 6
41774 | 4
41655 | 5
41780 | 4
41898 | 5
41754 | 4
41737 | 5
41940 | 4
41761 | 5
42102 | 4
41710 | 5
42355 | 9
43909 | 8
38899 | 5
41811 | 6
41750 | 5
42866 | 5
40765 | 6
41693 | 5
41787 | 5
41799 | 5
41758 | 4
41834 | 5
41776 | 5
41769 | 4
41860 | 5
41692 | 5
42166 | 5
41744 | 5
41752 | 4
41776 | 5
41560 | 5
41851 | 5
41776 | 4
41738 | 5
41780 | 5
41789 | 5
41828 | 5
42738 | 5
41791 | 5
40815 | 4
41803 | 6
41730 | 4
42200 | 5
41753 | 5
41749 | 5
41752 | 4
42071 | 5
41515 | 5
41755 | 4
41777 | 5
41822 | 5
41721 | 5
41847 | 5
41549 | 5
41812 | 5
41740 | 4
41837 | 4
41743 | 5
41881 | 5
41719 | 4
44608 | 6
38983 | 5
41747 | 5
41796 | 5
44157 | 4
39401 | 5
41834 | 5
41693 | 5
41935 | 4
41734 | 4
41774 | 5
41789 | 4
41804 | 5
41942 | 5
41710 | 5
41939 | 4
41816 | 5
41547 | 5
41775 | 4
41791 | 5
41830 | 4
41737 | 5
41858 | 5
41732 | 4
41785 | 4
41904 | 6
43264 | 4
41209 | 6
41102 | 5
41708 | 5
41794 | 5
41713 | 5
41864 | 5
41791 | 4
41562 | 5
42121 | 6
41485 | 4
41762 | 5
41790 | 4
41785 | 5
41805 | 4
41759 | 4
41782 | 4
41804 | 4
41749 | 5
41916 | 4
41711 | 5
41777 | 5
41799 | 4
44811 | 5
39068 | 6
41527 | 4
41720 | 5
41724 | 4
41899 | 5
41788 | 6
41802 | 4
41762 | 5
41819 | 4
41755 | 5
41774 | 4
41785 | 4
41792 | 5
41813 | 4
41716 | 5
41867 | 5
41821 | 4
41751 | 4
41813 | 5
41766 | 5
41775 | 4
42018 | 4
41574 | 5
41773 | 5
41818 | 5
42791 | 6
41634 | 5
40947 | 6
41772 | 5
41778 | 5
42402 | 5
41111 | 5
41972 | 4
41612 | 4
42232 | 5
41403 | 5
41776 | 4
41902 | 5
41724 | 4
41772 | 5
41767 | 4
41772 | 5
41877 | 5
41947 | 5
41834 | 5
41534 | 5
41799 | 4
41799 | 5
44555 | 5
39431 | 5
41396 | 5
41737 | 5
42224 | 4
41286 | 5
41899 | 5
41763 | 5
41791 | 4
41830 | 4
41763 | 5
41764 | 5
41775 | 5
41788 | 5
41771 | 5
42033 | 4
41629 | 4
41794 | 5
41709 | 4
41828 | 5
42186 | 5
41616 | 5
41811 | 5
41811 | 5
41742 | 4
41891 | 5
42099 | 5
42086 | 5
40821 | 4
41845 | 5
41759 | 4
46551 | 5
37051 | 5
41841 | 5
41726 | 5
41803 | 4
41792 | 5
42585 | 3
41132 | 5
42043 | 6
42018 | 4
41456 | 5
41763 | 5
41737 | 4
41566 | 5
41829 | 4
41747 | 4
41807 | 5
41993 | 5
44436 | 5
38923 | 5
41794 | 5
41844 | 5
42811 | 4
40682 | 6
41831 | 5
41832 | 5
41734 | 4
41761 | 5
41785 | 5
41764 | 4
42169 | 4
41763 | 4
41704 | 4
41785 | 4
41796 | 4
41797 | 5
41783 | 5
41835 | 5
41779 | 5
41770 | 4
41850 | 4
42204 | 5
41671 | 6
41672 | 5
41673 | 5
46269 | 5
37914 | 5
41191 | 4
41827 | 5
45951 | 5
37825 | 5
42060 | 5
42329 | 32
40511 | 5
41613 | 4
41800 | 5
41802 | 5
41755 | 5
41854 | 5
41968 | 5
41928 | 5
41679 | 5
41760 | 5
42175 | 5
41212 | 5
41738 | 5
41829 | 4
44520 | 6
39047 | 5
41739 | 5
41747 | 5
43636 | 6
40008 | 5
41837 | 5
41777 | 6
41790 | 4
41983 | 4
41584 | 5
41777 | 5
41863 | 4
41735 | 5
41941 | 4
41640 | 5
41786 | 5
41773 | 5
41783 | 4
41774 | 4
41856 | 5
41704 | 5
41895 | 5
41791 | 7
41729 | 4
42486 | 4
41085 | 5
42599 | 4
41061 | 5
41689 | 4
41798 | 4
41872 | 6
41725 | 6
41792 | 5
41811 | 5
41754 | 5
41825 | 5
41748 | 5
41781 | 5
41800 | 5
41750 | 5
41738 | 5
42102 | 4
41618 | 5
41851 | 5
41719 | 5
41743 | 5
42042 | 4
41823 | 5
43218 | 5
40339 | 5
41770 | 4
41777 | 4
42310 | 5
41263 | 6
41892 | 5
41615 | 4
41760 | 5
41871 | 4
41858 | 5
41690 | 5
41792 | 5
41789 | 4
41752 | 5
41825 | 5
41876 | 5
41790 | 5
41905 | 5
41589 | 5
41823 | 5
41781 | 6
41772 | 5
41745 | 4
42087 | 5
41766 | 4
41831 | 5
42404 | 5
41093 | 4
41827 | 5
41781 | 5
42014 | 4
42591 | 5
41227 | 5
41294 | 5
43392 | 4
40673 | 4
41151 | 5
41717 | 5
41839 | 5
42326 | 3
41958 | 5
41051 | 5
41780 | 5
41780 | 5
41904 | 5
41715 | 5
41821 | 5
41756 | 5
44617 | 5
38960 | 5
41765 | 5
42056 | 5
42767 | 4
40595 | 5
41730 | 5
41740 | 5
41873 | 4
43534 | 5
40131 | 5
41679 | 5
42094 | 4
41777 | 5
41689 | 4
41758 | 5
42220 | 5
41977 | 5
41316 | 5
42767 | 5
40716 | 5
42542 | 5
41572 | 5
41526 | 5
41707 | 4
41753 | 5
41735 | 4
43345 | 5
40684 | 5
44240 | 5
48698 | 5
37741 | 5
38995 | 5
39076 | 5
41537 | 5
41740 | 4
41798 | 4
42898 | 5
40591 | 5
41610 | 5
41825 | 4
41786 | 5
41746 | 5
41769 | 6
41842 | 5
41788 | 5
41817 | 5
41571 | 5
41801 | 5
44646 | 5
38920 | 5
41793 | 5
41782 | 5
41788 | 5
41832 | 4
41793 | 5
41975 | 5
41793 | 5
41775 | 4
41820 | 5
41770 | 4
41810 | 4
41806 | 5
41724 | 5
41808 | 4
41915 | 4
41498 | 4
41703 | 5
41799 | 6
41730 | 5
41963 | 5
41748 | 6
41769 | 4
41751 | 5
41792 | 5
41810 | 5
42678 | 5
40911 | 4
41840 | 6
41834 | 4
43629 | 6
40160 | 4
41733 | 5
41749 | 4
41772 | 5
41774 | 4
41652 | 5
41740 | 5
41785 | 5
41803 | 5
41772 | 5
41792 | 5
41792 | 4
41768 | 5
41889 | 4
41709 | 5
41733 | 5
41920 | 5
44468 | 5
39033 | 4
41872 | 5
41933 | 5
41850 | 4
41721 | 7
41825 | 5
41521 | 5
41840 | 5
41724 | 5
42000 | 5
41620 | 5
41990 | 5
41789 | 4
41549 | 5
41840 | 5
41791 | 5
41755 | 4
41856 | 6
41712 | 4
41825 | 5
41789 | 4
48894 | 4
34578 | 5
41826 | 5
41819 | 5
41789 | 4
42488 | 5
41115 | 4
41804 | 6
41766 | 5
42871 | 4
41020 | 5
41699 | 5
41769 | 4
42189 | 5
42241 | 4
45046 | 5
38047 | 4
41597 | 4
42041 | 5
41743 | 5
41455 | 5
41755 | 4
41590 | 5
41924 | 5
41650 | 4
41787 | 6
41808 | 5
44544 | 5
39015 | 5
41770 | 5
41811 | 5
41750 | 5
41724 | 5
41888 | 5
41866 | 4
41737 | 4
42684 | 5
40857 | 5
41786 | 5
41790 | 5
42101 | 5
41684 | 5
41898 | 4
41829 | 5
41777 | 6
41699 | 5
41811 | 5
42210 | 5
41398 | 4
41720 | 5
41547 | 4
41877 | 5
41733 | 5
41796 | 5
42447 | 4
41135 | 5
41838 | 5
41731 | 4
41765 | 5
42065 | 4
41769 | 5
41746 | 4
41998 | 5
41529 | 4
41632 | 5
41863 | 5
41722 | 5
41805 | 5
43806 | 4
39763 | 4
41781 | 5
41863 | 5
41752 | 5
41686 | 5
41853 | 5
41802 | 5
44772 | 5
39066 | 5
41526 | 6
41848 | 4
41728 | 4
41790 | 6
41861 | 6
41718 | 5
41798 | 5
43317 | 5
40238 | 4
41763 | 5
41851 | 5
41554 | 5
42640 | 4
41196 | 5
41699 | 5
41932 | 5
41694 | 5
41785 | 5
41813 | 5
41794 | 5
42044 | 5
41760 | 5
41832 | 4
41430 | 5
41855 | 4
41999 | 5
41568 | 4
43718 | 5
40100 | 5
42502 | 5
41076 | 5
41773 | 4
41751 | 4
41932 | 5
41749 | 5
41812 | 5
41780 | 4
41401 | 5
41879 | 5
41862 | 5
41716 | 4
41879 | 5
41741 | 5
41781 | 5
41759 | 5
41795 | 5
41963 | 5
41661 | 5
41728 | 3
41768 | 5
41746 | 5
41779 | 4
41906 | 5
41802 | 4
41750 | 5
41849 | 6
42779 | 5
41069 | 4
41693 | 5
41755 | 5
41776 | 5
41756 | 5
41966 | 5
41805 | 4
41699 | 5
41809 | 5
41725 | 5
43542 | 4
40019 | 5
41576 | 5
41800 | 5
41859 | 4
41753 | 5
41800 | 5
43704 | 4
39825 | 5
41788 | 4
41799 | 5
41872 | 5
41645 | 5
41848 | 5
41727 | 4
41880 | 5
42183 | 5
41390 | 5
41774 | 4
42072 | 5
41714 | 4
41956 | 5
41743 | 5
41728 | 5
41837 | 5
41753 | 5
41738 | 4
42154 | 5
42324 | 5
49367 | 5
33397 | 5
41438 | 6
41876 | 4
41731 | 5
42791 | 4
41286 | 5
41280 | 4
41701 | 5
41878 | 5
41767 | 4
41831 | 5
41803 | 4
41823 | 5
43055 | 5
40472 | 4
41806 | 4
41784 | 5
41742 | 5
42083 | 5
41842 | 4
41519 | 4
41739 | 5
41711 | 5
42004 | 5
41714 | 5
41931 | 5
41860 | 5
41723 | 5
41868 | 5
41745 | 4
41825 | 5
42015 | 5
41354 | 5
41759 | 5
41740 | 4
43080 | 5
40477 | 5
41737 | 4
41939 | 5
42013 | 4
41745 | 5
41547 | 4
41729 | 5
41868 | 5
41907 | 5
41677 | 4
41823 | 4
41741 | 5
44971 | 6
39123 | 4
41550 | 5
41703 | 5
41816 | 5
41746 | 5
42166 | 5
41593 | 5
41653 | 3
42302 | 5
41336 | 5
41722 | 4
41588 | 5
41812 | 6
41668 | 4
41866 | 5
41745 | 5
41871 | 4
41832 | 5
41702 | 5
41791 | 5
41795 | 5
41816 | 5
41726 | 5
41808 | 5
41847 | 5
41809 | 5
42427 | 4
41061 | 5
41785 | 4
41770 | 6
41858 | 4
41779 | 5
41830 | 5
41755 | 5
41780 | 5
43574 | 4
40003 | 5
41868 | 4
41708 | 5
41801 | 5
41898 | 5
41725 | 5
41707 | 5
41916 | 4
41742 | 6
41740 | 4
41798 | 5
41800 | 5
44642 | 7
38939 | 6
41985 | 4
41830 | 5
41739 | 5
41910 | 5
41820 | 5
41710 | 5
41797 | 5
42163 | 4
41448 | 5
41458 | 5
41818 | 6
41794 | 5
41899 | 5
41659 | 5
41799 | 5
41752 | 5
41798 | 4
41760 | 4
41871 | 5
41730 | 5
41864 | 5
41648 | 5
41869 | 5
42059 | 5
41791 | 4
42435 | 4
41318 | 5
41587 | 6
41737 | 5
42125 | 5
41786 | 5
41574 | 4
41517 | 5
41730 | 5
42306 | 5
41342 | 5
41743 | 6
41787 | 5
41784 | 5
42644 | 5
40985 | 5
41753 | 5
41766 | 4
41826 | 4
41718 | 5
41823 | 5
41809 | 5
41759 | 4
41829 | 5
41669 | 5
42107 | 5
41810 | 5
41688 | 6
41897 | 4
41519 | 5
41879 | 5
41719 | 5
41830 | 6
41744 | 4
41760 | 5
41927 | 5
42514 | 4
40898 | 5
41876 | 5
41774 | 5
41738 | 5
41797 | 4
41840 | 6
41737 | 4
41896 | 5
41672 | 4
41861 | 4
41804 | 5
41743 | 5
42507 | 5
41071 | 4
41852 | 5
41821 | 4
41846 | 5
41669 | 5
41765 | 5
41997 | 5
41619 | 5
41810 | 5
41738 | 5
41796 | 5
41765 | 4
41808 | 5
44081 | 5
39842 | 5
41653 | 5
41588 | 5
41864 | 5
44008 | 5
39478 | 5
41782 | 26
43942 | 5
39852 | 5
41746 | 4
41690 | 5
41837 | 5
42612 | 4
40978 | 4
41930 | 5
41755 | 5
41699 | 5
41783 | 5
41768 | 4
41893 | 6
41695 | 5
43223 | 5
40367 | 4
41870 | 4
41706 | 5
41759 | 4
41771 | 5
41840 | 5
41842 | 4
41748 | 4
41783 | 5
41820 | 5
41704 | 4
41883 | 4
43017 | 5
40564 | 5
41740 | 5
41791 | 4
41807 | 5
41799 | 5
41821 | 5
41713 | 5
41843 | 4
41801 | 5
41746 | 6
42081 | 5
41670 | 5
41700 | 5
44160 | 5
39577 | 4
41738 | 5
41854 | 5
41793 | 4
41745 | 4
41802 | 5
41800 | 5
44604 | 5
38743 | 4
42066 | 7
41519 | 5
41746 | 6
41765 | 4
41859 | 6
41800 | 4
42513 | 5
41015 | 5
42441 | 5
41294 | 5
41651 | 5
41763 | 5
42737 | 5
40973 | 4
41697 | 5
41750 | 5
41791 | 4
42131 | 5
41575 | 5
41757 | 5
41698 | 5
41803 | 5
41785 | 6
42051 | 4
41798 | 5
43034 | 4
40501 | 5
41619 | 5
41727 | 4
42604 | 5
41051 | 5
41637 | 5
41823 | 5
41876 | 5
41737 | 5
41809 | 4
41767 | 5
41852 | 5
41584 | 4
42047 | 4
42361 | 5
41279 | 6
43357 | 5
40290 | 4
43497 | 5
40161 | 5
41937 | 4
47123 | 6
37095 | 5
41423 | 4
41590 | 5
41944 | 6
42785 | 5
40813 | 5
41532 | 6
41766 | 5
41575 | 5
41469 | 5
41744 | 5
41785 | 5
41739 | 6
43125 | 4
40537 | 5
41766 | 5
41794 | 5
41769 | 4
43592 | 6
39997 | 5
41778 | 4
42022 | 5
41758 | 5
41843 | 5
41767 | 5
41777 | 4
42343 | 5
41014 | 5
41781 | 5
41816 | 6
42269 | 5
45242 | 5
39390 | 5
40136 | 5
42808 | 5
41189 | 5
41475 | 5
41809 | 5
41942 | 5
41902 | 5
42204 | 5
41315 | 4
41870 | 5
41473 | 5
41950 | 5
41685 | 4
41735 | 5
41799 | 4
44556 | 5
39028 | 5
42767 | 4
40793 | 4
41742 | 5
41775 | 5
42750 | 8
40970 | 6
41754 | 4
41769 | 5
41851 | 4
41711 | 5
41782 | 5
41806 | 5
41730 | 5
42065 | 5
41788 | 5
41848 | 5
41732 | 5
41520 | 4
41808 | 4
41793 | 5
41859 | 4
41734 | 5
43362 | 5
40193 | 5
41818 | 4
42723 | 6
40885 | 4
41777 | 5
41780 | 5
41841 | 5
41731 | 5
41853 | 4
41754 | 4
41749 | 5
41812 | 5
41781 | 5
41790 | 4
41786 | 5
41767 | 5
43413 | 5
40168 | 5
41771 | 4
41772 | 4
41877 | 5
41953 | 4
41603 | 4
41781 | 4
45060 | 5
38521 | 4
41775 | 6
41801 | 5
41772 | 5
42133 | 6
41503 | 5
41745 | 5
41831 | 4
41740 | 5
41837 | 5
41727 | 5
41773 | 5
41784 | 4
41833 | 5
41752 | 6
41950 | 5
41648 | 5
41802 | 5
44133 | 5
39438 | 4
42107 | 4
41586 | 5
41652 | 4
41863 | 5
41743 | 5
41801 | 4
42994 | 5
40791 | 4
41588 | 6
41777 | 5
41827 | 5
41810 | 5
41722 | 5
41767 | 4
41756 | 5
41927 | 5
41731 | 5
41777 | 4
41779 | 5
41815 | 5
42868 | 5
40738 | 5
41747 | 5
41761 | 5
41861 | 5
42777 | 5
40778 | 5
41796 | 4
44577 | 5
39016 | 5
41732 | 4
41833 | 5
41767 | 6
41739 | 5
41807 | 5
41742 | 5
42120 | 5
41801 | 4
41488 | 5
41817 | 5
41733 | 4
41824 | 5
41749 | 5
41856 | 5
41745 | 4
41883 | 5
41734 | 5
42310 | 4
41496 | 5
41542 | 4
41770 | 5
41807 | 4
41832 | 4
41762 | 5
41729 | 6
43000 | 5
40841 | 5
41887 | 5
41719 | 4
41582 | 5
41788 | 4
41773 | 5
41723 | 5
41911 | 5
41733 | 4
41787 | 5
41874 | 5
41822 | 5
41732 | 4
41757 | 5
41736 | 4
41730 | 5
41855 | 4
41808 | 5
43089 | 4
40718 | 5
41815 | 5
44893 | 5
38670 | 4
41771 | 5
41591 | 5
41762 | 5
41753 | 5
41846 | 5
43007 | 5
40568 | 5
41771 | 6
41795 | 4
41781 | 4
41796 | 5
41767 | 5
41732 | 4
41901 | 5
41763 | 5
41865 | 5
41604 | 5
43035 | 5
40624 | 5
41819 | 5
41786 | 5
41809 | 4
41704 | 5
41860 | 4
41803 | 5
42692 | 4
40922 | 4
41771 | 5
41740 | 4
41903 | 4
41802 | 5
41645 | 5
41811 | 5
41791 | 4
41759 | 5
41755 | 5
41876 | 5
41839 | 5
41729 | 5
41781 | 5
41803 | 5
41787 | 5
41763 | 5
41827 | 4
43626 | 5
40010 | 5
41696 | 5
44563 | 5
39034 | 5
41785 | 5
41975 | 5
41584 | 4
41816 | 5
41851 | 5
41695 | 5
41754 | 4
41752 | 5
42004 | 4
41718 | 5
41717 | 5
41785 | 3
41821 | 6
41796 | 5
41789 | 5
41773 | 5
41777 | 4
43552 | 4
40029 | 5
41810 | 5
41835 | 5
41664 | 5
42758 | 4
40884 | 5
41763 | 5
42561 | 5
40978 | 6
42188 | 6
41574 | 5
41682 | 4
42017 | 4
41886 | 5
41609 | 4
41933 | 5
41923 | 5
41601 | 4
41777 | 5
41757 | 5
41823 | 5
42541 | 4
40848 | 5
41811 | 4
41709 | 4
41846 | 5
42035 | 4
41508 | 5
41851 | 5
44642 | 5
39001 | 9
41752 | 5
41719 | 5
41748 | 5
41889 | 5
41692 | 6
41799 | 4
41797 | 5
41781 | 4
41841 | 5
41708 | 5
41768 | 5
41797 | 4
41759 | 4
41834 | 4
41826 | 6
41756 | 5
41777 | 5
42854 | 6
40735 | 4
41792 | 5
41916 | 5
41683 | 5
42633 | 5
40944 | 5
41815 | 5
42626 | 5
40910 | 5
41821 | 5
41768 | 5
41783 | 5
41758 | 5
41822 | 4
41825 | 4
41806 | 5
41720 | 5
41763 | 4
41801 | 5
41726 | 5
41773 | 5
41896 | 4
41857 | 5
41695 | 5
41805 | 6
41831 | 5
42460 | 5
41074 | 4
41796 | 6
44704 | 4
38964 | 5
42175 | 5
41321 | 4
41797 | 5
41731 | 5
41809 | 5
41788 | 5
41787 | 5
42523 | 5
41329 | 5
41847 | 5
42451 | 5
41363 | 5
42049 | 5
41206 | 5
41890 | 5
42391 | 5
41183 | 5
41448 | 5
41801 | 5
41764 | 5
41942 | 4
41626 | 4
43365 | 5
40301 | 5
41741 | 4
42575 | 5
41041 | 5
41747 | 5
41716 | 4
41774 | 4
42104 | 5
41680 | 5
41688 | 4
41787 | 3
41783 | 5
42014 | 4
41816 | 5
41844 | 5
41722 | 5
41776 | 4
41549 | 5
41877 | 4
41727 | 4
41832 | 5
43242 | 5
40354 | 5
41706 | 5
44963 | 4
38546 | 3
41870 | 4
41959 | 4
41716 | 5
41691 | 5
41880 | 5
41693 | 5
41780 | 5
41808 | 5
41833 | 4
41756 | 5
41727 | 5
41849 | 5
41832 | 4
41758 | 5
41796 | 4
41738 | 5
41798 | 5
41787 | 4
41767 | 5
41771 | 4
41909 | 5
41710 | 5
43892 | 4
39705 | 5
41813 | 4
42710 | 5
41119 | 6
41512 | 6
41854 | 5
41794 | 5
41702 | 5
41832 | 5
41714 | 5
41846 | 5
41793 | 5
41784 | 5
41819 | 5
41714 | 4
41803 | 4
41725 | 5
41961 | 4
41855 | 6
41788 | 4
41839 | 5
43900 | 4
39756 | 5
41674 | 4
43033 | 5
40814 | 4
41740 | 5
41599 | 5
41764 | 5
41817 | 5
41757 | 6
42074 | 5
41574 | 5
41712 | 5
41795 | 5
41830 | 6
41769 | 5
41834 | 5
41704 | 4
41736 | 4
41721 | 4
41884 | 5
41672 | 5
41865 | 5
41731 | 5
42055 | 5
41667 | 5
41786 | 5
42494 | 5
41278 | 5
41562 | 4
42601 | 4
40994 | 6
41792 | 5
41809 | 4
41842 | 5
41738 | 5
42127 | 4
41410 | 5
41826 | 5
41780 | 4
42087 | 5
41728 | 5
41470 | 5
41888 | 4
41829 | 5
41738 | 5
41801 | 4
41763 | 4
41931 | 4
43083 | 5
40367 | 5
41840 | 5
42533 | 5
41056 | 4
42852 | 5
41092 | 5
41658 | 4
42196 | 6
41089 | 5
41828 | 5
41980 | 4
41851 | 5
41719 | 5
41787 | 4
41876 | 5
41521 | 6
41723 | 5
41808 | 5
41819 | 5
41839 | 4
41703 | 6
43139 | 5
40374 | 5
41861 | 4
41850 | 5
41750 | 4
42702 | 5
40931 | 5
41759 | 5
43061 | 5
40475 | 5
41841 | 5
41740 | 5
41796 | 5
41723 | 6
41929 | 4
41517 | 5
41828 | 5
41782 | 4
42113 | 5
41851 | 5
41358 | 5
41830 | 5
41782 | 6
41823 | 5
41794 | 6
41831 | 5
41766 | 5
41746 | 5
41788 | 5
41779 | 4
44684 | 5
38931 | 5
43495 | 4
40083 | 6
41751 | 5
41875 | 6
41699 | 5
41804 | 5
41743 | 5
41732 | 5
41921 | 4
41935 | 5
41608 | 4
41860 | 5
41655 | 5
41851 | 4
41808 | 4
41963 | 5
41801 | 5
41810 | 5
41552 | 5
41860 | 5
42007 | 5
41828 | 5
43168 | 4
40369 | 4
41827 | 5
42588 | 4
40909 | 4
41576 | 5
41750 | 5
41924 | 5
41705 | 5
41771 | 5
41735 | 4
41895 | 5
41780 | 5
41744 | 4
41778 | 6
41778 | 5
41791 | 5
41810 | 5
41740 | 4
41931 | 7
41797 | 5
41733 | 4
41747 | 5
42023 | 4
41876 | 8
44516 | 5
38791 | 5
41733 | 5
41821 | 4
41779 | 5
41738 | 5
41818 | 5
41800 | 5
41816 | 5
41717 | 6
41813 | 5
41791 | 4
41794 | 5
41786 | 4
41843 | 5
41743 | 4
41804 | 6
41741 | 5
41878 | 5
41736 | 4
41828 | 4
41697 | 5
41832 | 5
41735 | 5
42812 | 5
40882 | 5
41743 | 4
42459 | 5
41129 | 5
42940 | 5
40663 | 3
41737 | 5
41803 | 5
41787 | 5
41837 | 4
41993 | 5
42063 | 5
41479 | 5
41787 | 5
41705 | 5
41659 | 5
41776 | 5
41842 | 6
41667 | 5
41888 | 4
41870 | 5
41705 | 4
42295 | 5
41274 | 5
46975 | 5
36662 | 5
42452 | 4
40990 | 5
41866 | 4
42791 | 5
40754 | 4
42219 | 5
41465 | 5
41754 | 5
41712 | 4
41722 | 5
41866 | 5
41814 | 5
41739 | 5
41855 | 5
41800 | 6
41837 | 4
41712 | 5
42010 | 5
41899 | 5
41799 | 5
41657 | 4
41897 | 5
42169 | 5
41442 | 4
41753 | 5
43864 | 5
39422 | 5
41820 | 5
41776 | 5
41779 | 3
41716 | 5
42016 | 6
41564 | 5
41864 | 4
41778 | 5
41768 | 5
41896 | 5
41731 | 4
41726 | 5
41822 | 5
41763 | 5
41797 | 4
41937 | 5
41905 | 5
41733 | 5
41810 | 5
41784 | 5
47174 | 5
36433 | 5
42459 | 5
41114 | 5
41774 | 5
42651 | 5
40727 | 4
42560 | 5
41547 | 5
41223 | 5
42498 | 4
41059 | 5
41717 | 5
41893 | 5
41734 | 5
41906 | 5
41812 | 4
41683 | 5
41795 | 5
41816 | 5
41770 | 5
41868 | 5
41723 | 4
41727 | 5
41944 | 5
42024 | 4
42350 | 4
44315 | 5
38829 | 4
41244 | 6
41901 | 4
41784 | 5
41810 | 5
41640 | 5
43671 | 5
40072 | 4
41745 | 5
41781 | 4
41790 | 5
41796 | 5
41790 | 6
41761 | 5
41801 | 5
41847 | 5
41699 | 5
41851 | 4
41762 | 4
41845 | 5
41768 | 4
44833 | 5
38930 | 5
43322 | 5
40268 | 5
41792 | 5
42094 | 5
41271 | 5
41809 | 5
41776 | 5
42040 | 4
41547 | 5
41727 | 4
41766 | 5
41725 | 5
41928 | 4
41788 | 4
41737 | 5
41832 | 4
41823 | 4
41728 | 5
42032 | 6
41781 | 5
41792 | 5
41725 | 5
42351 | 4
41074 | 5
41828 | 4
42521 | 5
40992 | 5
42072 | 5
41526 | 5
41805 | 5
41767 | 5
41832 | 5
41724 | 4
41833 | 5
41780 | 5
41778 | 5
41812 | 5
41757 | 5
41876 | 5
41726 | 5
41765 | 4
41794 | 5
41760 | 5
41998 | 5
41687 | 5
41719 | 5
41779 | 5
47007 | 5
36589 | 5
42790 | 4
40819 | 5
41729 | 5
42864 | 5
40721 | 5
42646 | 5
41018 | 5
41699 | 5
41811 | 4
41773 | 5
41805 | 5
41742 | 5
42294 | 5
42319 | 5
40824 | 4
41776 | 5
41780 | 5
41769 | 5
41854 | 5
41738 | 5
42198 | 5
41616 | 5
41766 | 5
41601 | 5
41765 | 5
43017 | 4
40648 | 4
42586 | 5
40875 | 6
42062 | 4
41825 | 5
41752 | 5
41588 | 5
41738 | 5
41790 | 5
41825 | 5
41791 | 5
41848 | 5
41697 | 4
41799 | 5
41784 | 5
41796 | 5
41764 | 4
41821 | 5
41765 | 5
41779 | 5
41825 | 4
47118 | 4
36480 | 4
41754 | 5
42036 | 5
41761 | 5
43249 | 5
40338 | 4
41763 | 5
41800 | 5
41809 | 5
41921 | 5
41826 | 4
41754 | 5
43116 | 5
40356 | 5
41549 | 5
41726 | 5
41824 | 4
41794 | 5
41793 | 5
41834 | 5
41855 | 5
41712 | 5
41687 | 5
41875 | 5
41776 | 4
41798 | 5
42501 | 5
41101 | 4
43152 | 5
40365 | 5
41975 | 5
41644 | 5
41783 | 4
41774 | 4
41809 | 5
41880 | 5
41662 | 5
41829 | 4
41772 | 4
41809 | 5
41761 | 4
41801 | 5
41781 | 5
41820 | 5
41825 | 5
41706 | 5
41917 | 5
41705 | 4
46954 | 5
36624 | 5
41788 | 5
42020 | 5
41566 | 4
42888 | 6
40643 | 5
44017 | 6
39599 | 5
41764 | 5
41832 | 5
41782 | 5
41860 | 4
41662 | 5
41743 | 4
41800 | 5
41865 | 5
41760 | 4
41801 | 5
41859 | 4
41755 | 5
41745 | 4
41783 | 4
41800 | 5
41804 | 5
41792 | 4
41765 | 4
44993 | 5
38589 | 4
42798 | 5
40789 | 5
41760 | 5
41723 | 4
41906 | 5
42313 | 5
41378 | 5
41673 | 4
41766 | 5
42026 | 5
41557 | 4
41911 | 5
41785 | 5
41854 | 4
41534 | 4
41894 | 5
41803 | 4
41754 | 5
41765 | 5
41731 | 5
47115 | 4
36562 | 5
41760 | 5
42018 | 4
41758 | 5
42820 | 5
40802 | 5
41792 | 5
41620 | 5
41722 | 4
41777 | 4
41783 | 6
43056 | 5
40511 | 4
41734 | 5
41841 | 4
41828 | 5
41838 | 4
41714 | 5
41838 | 5
41746 | 4
41818 | 5
42177 | 5
41309 | 4
41930 | 5
41947 | 4
41803 | 5
44935 | 5
38760 | 4
42172 | 5
41022 | 4
41825 | 5
41792 | 5
41837 | 5
45926 | 6
37609 | 4
41832 | 5
675450 | 5
542 | 4
628 | 4
562 | 4
558 | 5
1388 | 4
570 | 4
688 | 5
557 | 5
583 | 5
627 | 5
560 | 5
558 | 4
569 | 4
631 | 5
642 | 5
25397 | 4
43379 | 6
40196 | 6
56697 | 4
28608 | 5
40056 | 4
41929 | 4
41702 | 5
41812 | 5
41761 | 5
41763 | 5
41840 | 6
41728 | 5
41733 | 4
41826 | 5
41813 | 4
41790 | 5
41830 | 5
41745 | 4
42086 | 5
41689 | 5
41889 | 4
41780 | 5
42643 | 4
40886 | 4
41761 | 5
41936 | 5
41750 | 4
41720 | 5
41802 | 4
41465 | 4
41873 | 5
41834 | 5
41814 | 3168
38703 | 9
42969 | 5
40469 | 5
43151 | 5
40330 | 5
41855 | 5
41910 | 6
41795 | 5
41654 | 4
41799 | 5
41784 | 5
42873 | 5
40771 | 5
41718 | 5
41869 | 5
41859 | 5
42873 | 5
40540 | 4
43442 | 5
40492 | 5
41682 | 4
41781 | 5
41784 | 5
41822 | 4
41541 | 5
41764 | 5
41813 | 5
41784 | 4
41753 | 4
41760 | 5
41868 | 5
41910 | 5
41649 | 5
41777 | 5
41807 | 5
41846 | 4
41737 | 5
41829 | 5
47806 | 5
36123 | 4
42143 | 5
41244 | 4
41889 | 4
41504 | 5
41754 | 5
41710 | 5
41807 | 4
41898 | 4
41798 | 4
41780 | 5
41731 | 4
41867 | 5
41727 | 5
41770 | 4
41731 | 5
41972 | 5
41755 | 4
41766 | 4
41743 | 5
41799 | 4
48220 | 5
35602 | 4
41835 | 5
41830 | 5
41757 | 5
42575 | 5
40733 | 5
42241 | 5
41536 | 4
41794 | 5
42140 | 5
46857 | 4
36164 | 5
41808 | 4
41720 | 4
44221 | 5
39462 | 5
42459 | 4
41002 | 5
41763 | 5
41849 | 5
41902 | 4
41736 | 5
41725 | 4
41813 | 4
41793 | 5
41795 | 5
42606 | 5
41150 | 4
41731 | 6
41653 | 5
41813 | 5
41773 | 5
42304 | 4
41868 | 5
41144 | 5
41844 | 4
41834 | 5
41771 | 5
41718 | 5
42079 | 4
41752 | 5
41567 | 5
41787 | 5
41709 | 4
42032 | 5
41666 | 5
41740 | 4
41802 | 4
42927 | 5
40651 | 4
41810 | 6
41812 | 4
41786 | 4
41837 | 5
41714 | 5
42827 | 5
40724 | 5
41790 | 4
42098 | 5
41733 | 4
41816 | 5
41746 | 5
41985 | 5
41439 | 5
41725 | 5
41788 | 5
42516 | 5
41441 | 4
43033 | 5
40253 | 4
42592 | 4
40926 | 5
42068 | 4
42983 | 5
40330 | 5
57982 | 5
26100 | 5
41228 | 5
41880 | 6
41822 | 8
41692 | 5
41773 | 5
42994 | 4
40580 | 4
41849 | 5
41649 | 4
41869 | 5
42193 | 5
41601 | 4
41816 | 5
41602 | 4
41684 | 5
41821 | 5
42010 | 5
41604 | 4
41887 | 4
41681 | 5
44716 | 4
38870 | 6
42029 | 5
41778 | 5
41773 | 5
41768 | 5
41858 | 5
42391 | 5
41200 | 4
42042 | 4
41492 | 4
41767 | 5
41791 | 4
41790 | 4
41771 | 5
41597 | 5
41793 | 5
41831 | 5
41706 | 4
41860 | 5
41732 | 4
41817 | 4
41753 | 5
41823 | 5
41835 | 5
41787 | 5
41716 | 5
42754 | 4
40814 | 4
42065 | 6
41518 | 4
41872 | 5
41728 | 4
41883 | 5
43430 | 5
40096 | 4
41745 | 5
41754 | 4
41817 | 5
41787 | 5
41910 | 4
41743 | 5
41972 | 4
41770 | 5
41819 | 5
41827 | 4
41724 | 5
41572 | 4
41797 | 5
44774 | 5
38806 | 4
41766 | 4
41786 | 5
41784 | 4
41751 | 6
41853 | 6
41845 | 5
41786 | 4
41728 | 5
41789 | 5
41768 | 4
44143 | 5
39492 | 4
41630 | 5
42116 | 5
41874 | 4
41843 | 5
41482 | 4
41764 | 5
41769 | 5
41866 | 4
41813 | 5
41730 | 5
41837 | 5
41700 | 5
41787 | 5
45389 | 6
38189 | 4
41801 | 4
41711 | 5
41856 | 5
41839 | 5
41757 | 5
42734 | 4
40825 | 5
41791 | 4
41780 | 5
41865 | 4
42452 | 5
41187 | 5
41679 | 4
41785 | 6
41797 | 5
41811 | 5
41766 | 5
41756 | 5
41728 | 5
41924 | 5
44619 | 5
38911 | 4
41789 | 4
41795 | 5
41762 | 5
42036 | 5
41494 | 5
41913 | 4
41773 | 4
41784 | 4
41768 | 4
41768 | 4
42408 | 4
41153 | 4
41851 | 5
41802 | 4
41980 | 5
41548 | 5
41773 | 5
41829 | 5
41729 | 5
41814 | 5
41763 | 4
41881 | 4
41695 | 5
42244 | 5
41414 | 5
41862 | 5
41914 | 5
43646 | 5
39881 | 4
41860 | 5
41749 | 4
41831 | 5
42246 | 4
41336 | 4
41890 | 5
41664 | 5
41773 | 5
41781 | 5
41823 | 5
41868 | 5
41504 | 5
41705 | 5
41860 | 5
41799 | 4
41753 | 5
41952 | 4
41995 | 5
48995 | 5
34223 | 5
41775 | 5
41806 | 5
41774 | 4
41722 | 4
41843 | 5
41726 | 5
42144 | 5
41798 | 4
41874 | 5
41675 | 5
42455 | 5
40847 | 4
41806 | 4
41828 | 5
41817 | 5
43763 | 5
39754 | 5
41831 | 5
41737 | 4
41751 | 4
41805 | 4
41741 | 4
42167 | 5
41600 | 6
41686 | 5
42779 | 5
40917 | 4
42104 | 5
41384 | 4
41736 | 5
41737 | 6
41843 | 5
41844 | 5
41968 | 4
41839 | 4
41803 | 5
41751 | 4
41738 | 5
41822 | 4
41802 | 5
41814 | 5
41804 | 5
41591 | 5
41850 | 4
41662 | 5
41764 | 5
41852 | 5
42850 | 5
40687 | 5
41827 | 5
41798 | 4
41652 | 4
41818 | 5
41814 | 4
41807 | 5
42004 | 5
41583 | 4
41853 | 6
41739 | 5
43969 | 5
39869 | 5
41712 | 5
41771 | 4
41956 | 4
41654 | 5
41675 | 5
41723 | 5
41759 | 5
41920 | 5
41895 | 4
41696 | 5
41774 | 5
41659 | 5
41786 | 4
43061 | 5
40504 | 5
41815 | 6
41957 | 4
41594 | 5
42184 | 5
41808 | 5
41733 | 29
41650 | 5
41767 | 4
41582 | 5
41815 | 5
41692 | 4
41910 | 4
41669 | 5
41881 | 6
41731 | 5
41860 | 5
41810 | 4
41739 | 4
41821 | 5
41790 | 5
45364 | 5
38183 | 5
41789 | 5
41958 | 5
41915 | 5
41870 | 5
41660 | 4
41836 | 5
41479 | 5
41811 | 4
41855 | 5
41752 | 5
42905 | 5
40641 | 4
41735 | 5
41917 | 4
41591 | 6
42730 | 4
40856 | 5
41978 | 5
41721 | 5
41809 | 4
41765 | 4
41778 | 5
41796 | 5
41841 | 4
41767 | 4
44966 | 4
38585 | 4
41885 | 6
41704 | 5
41856 | 4
41746 | 5
41738 | 5
41809 | 6
41832 | 5
41934 | 5
41717 | 4
41669 | 5
43105 | 5
40477 | 5
41948 | 4
41686 | 5
41709 | 4
41772 | 6
42771 | 5
40872 | 4
41789 | 5
41785 | 5
44827 | 5
38828 | 5
41690 | 5
41739 | 5
41860 | 4
41952 | 5
41916 | 5
41726 | 5
41518 | 5
41928 | 4
41605 | 6
41867 | 4
41808 | 4
41758 | 5
41785 | 4
41799 | 5
41795 | 5
43405 | 5
40127 | 4
41862 | 5
41799 | 5
41805 | 4
41742 | 5
41787 | 5
41813 | 5
41852 | 5
41732 | 4
44892 | 4
38728 | 4
41783 | 5
41807 | 4
41683 | 4
41787 | 5
41805 | 5
41725 | 5
42222 | 5
41654 | 4
41816 | 5
41828 | 4
42481 | 5
40817 | 4
41763 | 5
41810 | 5
41712 | 5
49716 | 5
33995 | 5
41593 | 4
41730 | 4
41817 | 4
46789 | 5
36782 | 5
41932 | 4
42156 | 5
41639 | 4
48336 | 6
35077 | 6
42367 | 5
41746 | 5
42200 | 5
42948 | 4
40414 | 4
42714 | 5
40203 | 4
41954 | 5
42149 | 6
41641 | 4
41430 | 5
41752 | 5
41862 | 5
41458 | 4
41828 | 6
41742 | 4
41814 | 5
41783 | 5
41837 | 5
41777 | 4
42692 | 5
40885 | 5
41802 | 4
41741 | 5
42286 | 5
41341 | 5
41770 | 5
41735 | 5
41811 | 4
41802 | 5
41775 | 4
41841 | 4
42691 | 5
40846 | 4
41790 | 5
42039 | 5
41868 | 5
41706 | 5
41785 | 5
41760 | 5
41575 | 5
41844 | 5
44697 | 5
38825 | 5
41785 | 5
41733 | 5
41841 | 4
41793 | 5
41813 | 5
41819 | 5
41719 | 4
41801 | 4
41783 | 4
41734 | 4
41732 | 5
41888 | 5
41821 | 5
41824 | 5
41798 | 4
44653 | 5
39100 | 4
41799 | 5
41549 | 5
41790 | 4
41752 | 4
41838 | 5
41770 | 4
41818 | 4
41810 | 5
47234 | 5
36287 | 5
41739 | 5
41910 | 4
45535 | 5
37972 | 5
41799 | 5
41796 | 4
41802 | 4
41756 | 5
41899 | 5
41714 | 4
42824 | 4
40762 | 4
45312 | 5
38262 | 5
41791 | 4
42803 | 5
40768 | 5
42065 | 4
41520 | 5
41784 | 5
47016 | 4
36536 | 4
41796 | 5
41757 | 5
41831 | 5
43048 | 4
40784 | 5
41783 | 6
41756 | 5
41798 | 4
41566 | 5
41765 | 5
41821 | 5
41755 | 5
42038 | 4
41571 | 5
41756 | 5
42823 | 5
40814 | 5
42202 | 4
41361 | 5
41765 | 4
41768 | 5
41823 | 6
41790 | 5
41780 | 4
41807 | 5
43801 | 5
39775 | 5
41783 | 5
42374 | 4
41201 | 5
41740 | 4
41849 | 5
41707 | 4
42422 | 4
41466 | 5
41748 | 5
41789 | 5
41584 | 4
41832 | 5
41777 | 5
41764 | 4
41786 | 5
43845 | 4
39860 | 5
41678 | 5
41780 | 4
41778 | 5
45552 | 4
38024 | 5
41888 | 5
41671 | 4
41731 | 5
42514 | 5
41370 | 5
41793 | 4
41809 | 4
41765 | 5
41604 | 5
41760 | 5
41779 | 5
41797 | 5
41725 | 5
41851 | 4
41829 | 4
43384 | 5
40201 | 5
41750 | 5
41768 | 4
41797 | 4
42518 | 5
40952 | 5
41924 | 5
42024 | 5
41828 | 5
42945 | 5
40594 | 5
41795 | 5
41535 | 5
41784 | 5
41816 | 4
41841 | 5
41855 | 5
41647 | 5
41772 | 4
41827 | 5
41774 | 5
41928 | 6
41577 | 5
41871 | 5
41855 | 5
41679 | 4
49111 | 5
34761 | 4
42071 | 5
41477 | 4
41793 | 5
44753 | 5
38654 | 4
41735 | 4
41774 | 5
41800 | 4
49672 | 6
33926 | 6
41750 | 5
41780 | 5
41731 | 5
41912 | 4
41760 | 4
41805 | 5
41759 | 4
41818 | 5
41889 | 8
41700 | 6
42846 | 6
40931 | 5
41799 | 4
41682 | 5
42069 | 4
41613 | 4
41817 | 5
41868 | 4
41764 | 5
41849 | 4
42751 | 5
40650 | 5
41878 | 6
41500 | 5
41780 | 4
43064 | 5
40646 | 5
42036 | 5
41617 | 5
41784 | 5
41719 | 9
41918 | 5
42544 | 5
41224 | 5
41649 | 5
41778 | 5
41797 | 5
41786 | 5
41751 | 5
41727 | 4
41806 | 5
41785 | 3
44747 | 5
38816 | 5
41567 | 4
41914 | 4
41684 | 5
42240 | 5
41314 | 4
41841 | 5
41751 | 4
41824 | 5
41749 | 5
41832 | 5
41785 | 5
41753 | 5
41756 | 5
41774 | 4
41947 | 5
41679 | 5
42015 | 5
41846 | 5
41740 | 5
41789 | 5
41717 | 4
41618 | 4
41804 | 5
41804 | 4
41774 | 5
46933 | 5
36646 | 5
41778 | 5
41789 | 5
41803 | 5
41742 | 5
41752 | 5
41725 | 4
42009 | 5
41720 | 4
41995 | 4
41797 | 4
41815 | 4
41870 | 6
41698 | 5
42473 | 5
41528 | 5
43008 | 5
40342 | 4
41684 | 4
41441 | 5
41788 | 5
45103 | 5
38456 | 4
42261 | 5
41921 | 5
41467 | 4
45457 | 6
38339 | 5
42127 | 6
41383 | 4
41854 | 4
41936 | 5
42014 | 5
41657 | 6
41987 | 5
41590 | 5
41675 | 5
41859 | 29
42093 | 5
41107 | 4
41767 | 5
41745 | 4
41767 | 5
41765 | 5
41857 | 5
41766 | 5
41843 | 5
41773 | 5
42759 | 5
40626 | 6
41752 | 6
41755 | 5
41788 | 4
42180 | 5
41549 | 5
41638 | 4
41783 | 5
41786 | 5
41987 | 6
41877 | 4
41428 | 5
41889 | 5
41832 | 5
41734 | 5
41794 | 4
43635 | 5
39968 | 4
41752 | 5
41798 | 5
41792 | 4
45310 | 6
38278 | 4
41771 | 6
41770 | 5
41765 | 5
42250 | 4
41334 | 5
41740 | 4
42138 | 4
41727 | 4
41843 | 5
41727 | 5
41817 | 5
41794 | 5
41904 | 5
41418 | 5
41876 | 4
41714 | 5
41848 | 4
41740 | 4
41782 | 4
41791 | 6
41871 | 5
41683 | 5
41796 | 5
41809 | 4
41805 | 5
44416 | 5
39109 | 5
41820 | 5
42134 | 5
41463 | 4
41741 | 5
41877 | 5
41686 | 5
41837 | 5
41779 | 5
41898 | 6
41727 | 5
41760 | 5
41770 | 4
41795 | 5
42085 | 5
41766 | 4
42155 | 5
41183 | 5
41768 | 4
41844 | 5
41805 | 5
47335 | 5
36169 | 5
41822 | 5
41691 | 4
42104 | 5
43901 | 5
40885 | 5
40380 | 5
42900 | 4
41407 | 5
40978 | 5
41980 | 5
42158 | 5
41921 | 5
42346 | 5
40771 | 5
42236 | 5
41343 | 5
41773 | 5
41691 | 4
41700 | 4
41791 | 5
42692 | 4
41075 | 5
41840 | 5
41549 | 5
41785 | 4
42698 | 4
40889 | 4
41779 | 6
41830 | 5
41717 | 5
41837 | 5
41814 | 5
41752 | 5
41848 | 5
41744 | 5
41773 | 5
41855 | 6
41742 | 5
41864 | 4
41702 | 4
42352 | 5
41431 | 5
42296 | 5
41522 | 4
41646 | 5
41475 | 5
41768 | 4
44967 | 6
38805 | 5
41862 | 5
41658 | 5
41885 | 4
41823 | 5
41778 | 5
41748 | 5
41779 | 5
41779 | 5
41771 | 4
41818 | 5
41859 | 4
41938 | 4
41740 | 5
41793 | 5
41841 | 4
41602 | 5
41744 | 5
41746 | 4
41871 | 5
41755 | 4
48092 | 4
35478 | 5
41830 | 5
41657 | 5
41856 | 4
43544 | 5
40124 | 5
41738 | 5
41789 | 5
41757 | 5
41783 | 4
41848 | 5
41746 | 4
41789 | 5
41877 | 4
41717 | 5
41793 | 5
41749 | 5
41809 | 5
41768 | 4
41867 | 5
41730 | 5
41909 | 5
41737 | 5
41726 | 5
41781 | 5
41784 | 5
46160 | 5
37417 | 4
41846 | 5
42035 | 4
41728 | 5
41989 | 6
41572 | 5
41854 | 5
41491 | 4
41835 | 5
41807 | 5
41766 | 5
41769 | 4
41781 | 5
41779 | 5
41790 | 5
41924 | 5
41664 | 5
41790 | 5
41838 | 5
41710 | 5
41832 | 4
42777 | 4
40840 | 5
41660 | 5
41884 | 4
41792 | 5
44174 | 4
39382 | 5
41786 | 5
41848 | 6
41786 | 7
41784 | 5
41759 | 5
41767 | 5
41867 | 5
41728 | 5
41769 | 4
41792 | 5
41719 | 5
41700 | 4
41752 | 5
41971 | 4
41882 | 5
41783 | 5
41609 | 5
41855 | 6
41877 | 4
41597 | 5
46716 | 4
36924 | 4
41738 | 5
41971 | 4
41596 | 5
42398 | 7
41168 | 5
42073 | 6
41872 | 5
41704 | 5
41763 | 5
41753 | 4
41755 | 5
41830 | 5
41764 | 4
41588 | 4
41888 | 4
41696 | 5
41797 | 5
41804 | 5
41784 | 5
41754 | 5
42848 | 5
40685 | 4
41898 | 4
42207 | 5
41248 | 5
46715 | 5
37215 | 5
41791 | 5
41804 | 5
41795 | 5
41726 | 5
41796 | 5
41595 | 4
41787 | 6
41741 | 5
41802 | 5
41773 | 4
41862 | 5
41738 | 6
41793 | 4
41712 | 5
42035 | 4
41625 | 5
41836 | 4
41737 | 5
41842 | 5
42242 | 5
46626 | 4
36405 | 6
41850 | 5
41793 | 5
42323 | 5
42359 | 5
40723 | 5
41824 | 5
41698 | 6
42074 | 5
41718 | 5
41782 | 4
41862 | 5
41548 | 5
41715 | 4
41802 | 5
41843 | 5
41870 | 5
41655 | 4
41806 | 5
41779 | 5
41882 | 5
41666 | 5
42223 | 5
41697 | 4
41749 | 5
41794 | 5
42741 | 5
40612 | 5
41823 | 5
41664 | 4
41833 | 4
43152 | 5
40456 | 5
41734 | 4
41807 | 5
41752 | 5
41889 | 5
41764 | 5
41743 | 5
41802 | 4
41763 | 4
41768 | 4
41751 | 5
41894 | 5
42090 | 4
41851 | 4
41417 | 4
41763 | 4
46184 | 4
37417 | 5
41779 | 5
41827 | 6
41817 | 6
44386 | 5
39155 | 6
41755 | 5
41792 | 4
41781 | 5
41751 | 4
41742 | 4
41946 | 4
41726 | 4
41734 | 4
41839 | 4
41853 | 5
41740 | 5
41980 | 5
41828 | 5
41603 | 5
41756 | 5
41777 | 5
41711 | 4
41907 | 5
41972 | 5
41574 | 4
45069 | 5
38442 | 4
41875 | 6
41762 | 4
41885 | 5
42956 | 5
40517 | 5
41763 | 5
41849 | 4
41825 | 4
41784 | 4
41702 | 5
41816 | 5
41776 | 5
41821 | 5
41751 | 4
41900 | 5
41667 | 4
41882 | 5
41752 | 5
41803 | 5
41774 | 4
48592 | 4
34917 | 5
41846 | 5
41784 | 5
41797 | 5
43420 | 5
40181 | 6
41744 | 5
43630 | 5
40183 | 4
43785 | 4
39501 | 5
41860 | 5
42068 | 5
43347 | 4
40173 | 5
41817 | 4
41772 | 5
41791 | 4
41813 | 5
41519 | 4
41824 | 4
41827 | 5
41703 | 5
41782 | 5
41815 | 5
41815 | 4
45444 | 5
38035 | 6
41880 | 4
42068 | 5
41532 | 4
42396 | 5
41160 | 5
41709 | 5
41880 | 5
41783 | 4
41779 | 5
42088 | 5
41694 | 5
41912 | 5
41762 | 4
41449 | 4
41806 | 3
41743 | 4
41969 | 5
41728 | 5
41731 | 4
41796 | 5
49346 | 5
34243 | 4
41831 | 5
41758 | 5
41791 | 6
42768 | 5
40802 | 5
41840 | 5
42283 | 5
41528 | 4
41799 | 4
41787 | 5
41812 | 4
41526 | 4
41699 | 4
41815 | 4
41820 | 4
41749 | 4
41796 | 5
41800 | 5
41732 | 5
41851 | 5
41779 | 4
41796 | 5
41786 | 5
41769 | 5
41808 | 4
46669 | 4
36860 | 4
41945 | 5
41635 | 5
41847 | 5
42345 | 5
41247 | 5
41765 | 5
41833 | 5
41757 | 5
41792 | 4
42038 | 6
41748 | 4
41780 | 4
41882 | 5
41514 | 4
41805 | 5
41829 | 4
41615 | 5
41883 | 5
41811 | 4
41794 | 5
48682 | 5
34906 | 4
41715 | 4
42062 | 6
41787 | 5
42143 | 5
41762 | 5
41446 | 5
41855 | 5
41480 | 4
41781 | 4
41814 | 5
41729 | 5
41814 | 4
41832 | 5
41769 | 4
41847 | 4
41738 | 5
41782 | 5
41786 | 5
41789 | 5
41812 | 4
41838 | 5
41746 | 5
41773 | 5
41781 | 5
41892 | 5
46399 | 4
37032 | 5
41753 | 5
41971 | 5
41644 | 5
42462 | 5
41159 | 4
41774 | 4
41791 | 5
41781 | 4
41969 | 5
41689 | 5
41721 | 5
41786 | 4
41789 | 5
41797 | 4
42100 | 4
41787 | 5
41467 | 4
41808 | 4
41797 | 5
41781 | 4
48596 | 5
35004 | 4
41788 | 5
41728 | 5
41892 | 4
45297 | 5
38179 | 4
41844 | 5
41740 | 5
41818 | 4
41771 | 5
41788 | 4
41858 | 5
41657 | 4
41902 | 29
41747 | 5
41794 | 5
41776 | 5
41805 | 5
41845 | 4
41731 | 5
41757 | 5
41774 | 5
41823 | 5
41783 | 5
41828 | 5
41778 | 5
46721 | 5
37420 | 5
41177 | 5
41738 | 5
41893 | 5
42323 | 5
41231 | 4
41756 | 4
41833 | 5
41899 | 4
41618 | 5
42063 | 5
41782 | 5
41554 | 5
41812 | 5
41815 | 5
41742 | 5
41849 | 4
41715 | 4
41760 | 5
41854 | 4
41782 | 5
49403 | 5
34216 | 5
41786 | 4
41798 | 5
41730 | 6
45018 | 5
38607 | 5
41774 | 5
42780 | 5
40974 | 5
41889 | 4
41863 | 5
41730 | 4
41565 | 4
41591 | 5
41902 | 4
41825 | 5
41742 | 5
41802 | 5
41835 | 5
41825 | 4
41711 | 5
42866 | 5
40713 | 5
41844 | 4
41723 | 4
42041 | 4
51086 | 4
32202 | 5
41761 | 6
42098 | 6
41777 | 4
41728 | 5
41986 | 5
41650 | 5
41798 | 4
41927 | 4
41444 | 5
41756 | 4
41841 | 5
41757 | 5
41831 | 5
41734 | 5
41776 | 5
41865 | 5
41753 | 5
41710 | 4
41748 | 4
41891 | 5
45949 | 6
37774 | 5
41650 | 5
41706 | 6
41850 | 5
43391 | 4
40227 | 5
41765 | 5
41821 | 5
41750 | 4
42272 | 5
41289 | 4
41794 | 4
41769 | 4
42406 | 5
42214 | 5
41049 | 4
42051 | 4
41637 | 5
41812 | 5
42108 | 6
41866 | 5
41542 | 5
41644 | 6
41617 | 4
41586 | 4
41904 | 4
43903 | 5
39498 | 5
41783 | 5
41800 | 4
41731 | 4
45059 | 5
38832 | 5
41734 | 5
41839 | 5
41801 | 4
41798 | 4
41548 | 5
41732 | 5
41901 | 4
41740 | 5
41792 | 4
41959 | 5
41736 | 5
41848 | 5
41769 | 4
41813 | 4
41845 | 6
44761 | 4
38708 | 5
41791 | 5
41758 | 5
41775 | 5
42867 | 5
40835 | 6
41805 | 5
41730 | 4
41815 | 4
42346 | 5
41171 | 4
41848 | 5
41766 | 5
41769 | 4
41872 | 5
41723 | 5
41769 | 5
41799 | 5
41775 | 5
41910 | 5
41667 | 5
41795 | 4
42066 | 5
41814 | 4
41528 | 5
41739 | 4
41785 | 4
41800 | 5
41737 | 5
41903 | 4
41789 | 4
42106 | 4
41415 | 4
41785 | 5
41806 | 4
41940 | 5
41571 | 4
41898 | 5
41797 | 5
41820 | 5
41713 | 5
41778 | 5
41722 | 4
41952 | 5
41648 | 4
41979 | 4
41739 | 5
41711 | 5
44846 | 5
38702 | 5
41965 | 5
41604 | 4
41862 | 4
42864 | 5
40671 | 5
41841 | 5
41949 | 5
41850 | 5
41797 | 4
41743 | 4
41801 | 5
41778 | 4
41783 | 4
41597 | 4
41775 | 5
41759 | 4
41866 | 4
41721 | 5
41762 | 4
41850 | 5
41778 | 5
41765 | 4
41804 | 5
41880 | 5
41737 | 5
42655 | 5
41005 | 5
41720 | 4
43499 | 4
40287 | 5
42643 | 6
40941 | 4
41589 | 4
41777 | 4
41786 | 5
41795 | 5
41817 | 5
41832 | 5
41506 | 5
41778 | 5
41795 | 5
41794 | 5
41795 | 5
41834 | 5
41762 | 6
41939 | 5
41617 | 4
44904 | 5
38663 | 4
41713 | 5
41771 | 4
41889 | 4
41771 | 4
41863 | 6
41749 | 5
41765 | 5
41791 | 4
43735 | 5
39881 | 5
41739 | 4
41786 | 5
41865 | 5
41688 | 4
41897 | 4
41719 | 5
41790 | 5
41777 | 5
41816 | 5
41759 | 5
41902 | 4
41694 | 5
41761 | 5
41824 | 4
42006 | 5
42737 | 4
40848 | 5
41787 | 5
41629 | 5
41716 | 5
42980 | 5
40617 | 4
41751 | 5
41827 | 4
41760 | 4
41904 | 5
41745 | 5
41728 | 4
41742 | 4
41771 | 5
41881 | 5
41771 | 5
41799 | 4
41831 | 5
41830 | 5
41969 | 5
41741 | 5
45119 | 5
38228 | 5
41845 | 4
41745 | 5
41833 | 5
41932 | 5
41587 | 5
41814 | 5
41744 | 5
41981 | 5
44364 | 4
38963 | 5
41886 | 5
41842 | 4
41725 | 5
41781 | 4
41823 | 4
41760 | 5
41785 | 5
41810 | 5
42320 | 4
41519 | 5
41705 | 5
41793 | 5
42005 | 5
42046 | 5
42454 | 6
42029 | 4
41005 | 5
41294 | 5
41741 | 4
41782 | 6
41987 | 5
41429 | 5
41747 | 5
41964 | 5
41576 | 5
42501 | 5
41086 | 4
41831 | 4
42061 | 5
41479 | 4
41984 | 4
42086 | 5
41626 | 6
41813 | 4
41804 | 5
41408 | 5
41775 | 5
47249 | 4
36267 | 4
41890 | 5
41769 | 4
41850 | 5
41879 | 5
41891 | 6
41793 | 5
41785 | 5
41770 | 5
41862 | 5
41479 | 4
41869 | 4
41716 | 4
41782 | 5
43668 | 5
39926 | 5
41820 | 4
41738 | 5
41742 | 5
41848 | 5
41664 | 4
41911 | 5
41847 | 4
41735 | 5
41800 | 5
41775 | 4
42830 | 4
40825 | 5
41737 | 5
42752 | 5
41012 | 4
42290 | 5
41304 | 4
41851 | 4
41811 | 5
41511 | 4
41755 | 5
41759 | 5
41752 | 5
42215 | 5
41659 | 5
41805 | 6
41543 | 5
41934 | 4
41706 | 5
41741 | 4
41766 | 4
41807 | 6
43233 | 4
40348 | 5
41791 | 5
41926 | 5
41652 | 5
42052 | 5
41499 | 5
41815 | 4
41736 | 5
41885 | 5
43079 | 5
40560 | 5
41698 | 4
41780 | 4
41782 | 5
41957 | 5
42081 | 5
41657 | 4
41679 | 4
41875 | 5
41700 | 5
41584 | 4
41786 | 4
41788 | 5
41767 | 5
41810 | 5
41806 | 5
43856 | 5
39645 | 4
41761 | 6
41860 | 4
41840 | 5
41776 | 5
41992 | 6
41782 | 5
41867 | 5
41716 | 5
41798 | 5
41584 | 5
41758 | 5
41798 | 4
41813 | 5
42238 | 5
41367 | 5
41700 | 5
41827 | 5
41899 | 5
41790 | 6
41588 | 5
41878 | 4
41785 | 5
41871 | 5
41702 | 5
41802 | 4
43244 | 4
40544 | 5
41805 | 5
41770 | 5
41781 | 4
43328 | 5
40030 | 5
41806 | 5
41779 | 4
41797 | 6
44443 | 4
39458 | 4
41735 | 5
41492 | 4
41865 | 5
41757 | 4
41771 | 4
41798 | 4
41798 | 4
41778 | 5
41789 | 5
42073 | 4
42767 | 5
40770 | 5
41768 | 5
41613 | 5
41749 | 5
41772 | 5
41776 | 4
41894 | 6
42006 | 5
41817 | 5
41601 | 5
41664 | 5
41796 | 5
41806 | 6
41767 | 4
44889 | 5
38641 | 5
41835 | 5
41775 | 5
41841 | 5
41731 | 4
42392 | 4
45131 | 4
38029 | 5
42087 | 5
41892 | 5
41532 | 4
41732 | 6
41536 | 4
41729 | 4
41843 | 5
41789 | 4
42942 | 5
40857 | 4
41825 | 5
41750 | 5
41837 | 5
41735 | 4
41623 | 5
41727 | 4
42074 | 5
41556 | 4
41722 | 5
42129 | 5
41807 | 5
42039 | 5
41607 | 5
41521 | 4
41598 | 5
42897 | 5
40781 | 5
41745 | 4
41970 | 5
41617 | 5
41771 | 5
41819 | 5
41759 | 4
41802 | 5
41775 | 5
42720 | 4
40938 | 4
41951 | 6
41771 | 5
41904 | 4
41775 | 5
43755 | 6
39830 | 4
41419 | 5
41812 | 5
41695 | 4
41917 | 5
45107 | 4
38474 | 4
41780 | 4
41791 | 5
41790 | 5
41895 | 5
41682 | 6
41791 | 4
41801 | 4
42194 | 5
41802 | 4
42739 | 4
40808 | 5
41871 | 5
41901 | 5
42068 | 5
41124 | 5
42129 | 4
41354 | 5
41719 | 4
41728 | 5
42186 | 4
41629 | 5
41729 | 5
41870 | 5
41792 | 5
41820 | 5
44570 | 4
38925 | 5
41817 | 5
41883 | 4
41844 | 5
41756 | 4
41756 | 5
41756 | 5
41878 | 5
41718 | 5
42846 | 5
40685 | 6
41784 | 5
41804 | 5
41800 | 5
41774 | 5
41805 | 4
41805 | 4
41544 | 4
41774 | 5
41807 | 5
41773 | 4
41763 | 5
41777 | 5
41842 | 4
41731 | 5
41815 | 5
41735 | 6
41870 | 6
41771 | 5
41766 | 5
41833 | 4
41831 | 5
41780 | 5
41720 | 5
42007 | 4
41771 | 5
41822 | 5
41600 | 5
41777 | 5
41857 | 4
41806 | 4
42959 | 5
40825 | 4
41791 | 6
41760 | 5
41746 | 4
41587 | 5
41752 | 5
42792 | 5
40789 | 5
41795 | 4
41887 | 5
41675 | 4
41798 | 5
41792 | 4
41718 | 5
41933 | 5
41972 | 5
42494 | 6
40820 | 5
41775 | 4
41816 | 5
41777 | 4
43260 | 5
40321 | 5
41714 | 5
41917 | 4
41754 | 5
41779 | 5
41983 | 4
45096 | 5
38555 | 5
41767 | 5
41757 | 5
41779 | 5
41821 | 5
41544 | 5
41916 | 5
41653 | 6
41793 | 5
41803 | 5
41792 | 4
41960 | 4
41575 | 5
41767 | 4
42309 | 5
41358 | 6
41760 | 5
41889 | 5
41717 | 4
41709 | 5
42153 | 5
41480 | 4
42015 | 4
41795 | 4
41769 | 5
41786 | 5
42937 | 4
40440 | 5
41794 | 4
41720 | 5
41846 | 5
41767 | 5
42070 | 5
41722 | 5
41591 | 4
41971 | 6
42295 | 4
41234 | 4
41773 | 5
41889 | 4
41742 | 5
43095 | 4
40466 | 5
41869 | 5
41736 | 5
41761 | 5
41782 | 4
41952 | 5
44924 | 4
38525 | 4
41757 | 5
42060 | 5
41558 | 5
41740 | 4
42200 | 4
41465 | 5
41924 | 4
41829 | 5
41752 | 4
41849 | 5
41793 | 5
41802 | 4
41697 | 4
42208 | 4
41222 | 5
41749 | 5
41886 | 4
41624 | 5
45110 | 5
38608 | 4
41754 | 5
41740 | 4
41793 | 4
41822 | 5
41810 | 5
42812 | 5
40710 | 5
41820 | 6
41823 | 5
41679 | 4
41946 | 5
41898 | 5
41847 | 4
41569 | 5
41761 | 5
41997 | 5
41630 | 5
41720 | 4
42018 | 4
41826 | 5
41765 | 5
41742 | 5
41851 | 4
41645 | 5
41674 | 5
41799 | 4
41717 | 4
41874 | 5
41776 | 5
41824 | 5
41731 | 5
41894 | 5
41745 | 5
41744 | 5
41815 | 5
41733 | 5
41835 | 4
41839 | 5
41795 | 4
41802 | 5
42050 | 5
41731 | 5
43010 | 5
40450 | 5
41616 | 5
42120 | 5
41642 | 5
45218 | 5
38439 | 5
41735 | 5
41869 | 5
41815 | 4
41501 | 5
41771 | 5
42618 | 4
41374 | 5
41217 | 5
41744 | 4
41876 | 5
41710 | 5
41838 | 5
41784 | 4
41819 | 4
41763 | 5
41820 | 5
41813 | 5
41751 | 5
41800 | 4
41755 | 4
41823 | 4
41996 | 5
41856 | 4
41724 | 5
42013 | 4
41674 | 4
41680 | 4
43756 | 4
39834 | 6
41818 | 5
41688 | 5
42455 | 5
42013 | 5
41229 | 5
42065 | 5
41524 | 5
41477 | 5
41736 | 5
41655 | 5
41782 | 5
41772 | 5
41767 | 6
42844 | 5
41016 | 5
41736 | 5
42013 | 5
41678 | 5
41780 | 4
41796 | 5
41783 | 4
41701 | 5
41787 | 5
41612 | 5
41757 | 5
42788 | 5
40755 | 4
41819 | 6
41978 | 8
41634 | 5
41776 | 5
41850 | 5
41645 | 5
41833 | 4
41739 | 4
41959 | 4
41678 | 4
41851 | 5
41759 | 4
41747 | 5
42485 | 5
41138 | 5
41864 | 5
41994 | 4
41673 | 4
41891 | 4
41796 | 5
44870 | 4
38331 | 4
41877 | 4
41782 | 6
41860 | 4
41722 | 6
42001 | 5
41856 | 5
41461 | 5
41821 | 4
41787 | 5
41784 | 4
41824 | 5
41710 | 4
41801 | 5
41748 | 5
41898 | 5
41791 | 5
41880 | 5
41648 | 5
43329 | 4
40439 | 5
41649 | 5
41733 | 5
41930 | 5
41700 | 5
42404 | 4
41454 | 4
41848 | 5
41665 | 6
41834 | 5
41533 | 4
41800 | 5
41768 | 5
41721 | 5
41826 | 5
42090 | 5
41737 | 5
41567 | 5
41737 | 5
41804 | 5
41797 | 5
43130 | 5
40490 | 5
41829 | 5
41758 | 5
41750 | 5
42252 | 30
41294 | 4
44959 | 4
38636 | 5
41801 | 4
41826 | 4
41739 | 3
41790 | 5
42130 | 4
41774 | 4
41708 | 5
41850 | 4
41703 | 5
41626 | 5
41725 | 5
41826 | 4
41745 | 5
41833 | 5
41991 | 5
41793 | 5
41677 | 5
41707 | 5
41774 | 5
41705 | 5
41752 | 4
41903 | 5
41774 | 4
41862 | 5
41725 | 5
42802 | 5
40741 | 4
41835 | 5
41812 | 6
41770 | 6
41828 | 5
41707 | 5
41794 | 5
41762 | 4
41893 | 5
41723 | 4
41794 | 4
41796 | 5
41773 | 4
41783 | 4
43828 | 5
39957 | 5
41689 | 5
41730 | 30
41774 | 5
42143 | 5
41682 | 5
44894 | 6
38749 | 5
41886 | 5
41573 | 5
41551 | 5
41804 | 5
41791 | 5
41807 | 5
41761 | 5
42068 | 5
41711 | 4
41880 | 5
41822 | 5
41450 | 4
41735 | 5
41861 | 5
42109 | 4
41536 | 5
41936 | 5
41575 | 4
41987 | 4
41564 | 4
41823 | 5
41794 | 5
41790 | 5
41802 | 5
41747 | 5
42910 | 5
40734 | 5
41794 | 5
41958 | 5
41792 | 5
41839 | 5
41565 | 5
41741 | 5
41796 | 4
41775 | 5
41800 | 5
42092 | 5
41796 | 5
41780 | 3
41809 | 5
41885 | 5
41359 | 4
41823 | 5
41827 | 4
41869 | 5
42718 | 5
40710 | 5
45000 | 5
38601 | 4
41772 | 5
41729 | 5
41832 | 4
41880 | 5
41687 | 5
41736 | 4
41938 | 5
41724 | 5
41782 | 5
41788 | 5
41750 | 5
41811 | 4
41732 | 4
41887 | 5
41909 | 4
41639 | 5
42052 | 5
41510 | 4
42715 | 5
40905 | 4
41781 | 5
41785 | 5
41786 | 4
43148 | 4
41546 | 4
43990 | 5
39220 | 6
41263 | 4
41730 | 5
41935 | 4
44006 | 5
39576 | 5
41725 | 5
41787 | 5
41838 | 5
41792 | 4
41512 | 5
41770 | 5
41777 | 5
41805 | 5
41823 | 5
41688 | 5
41920 | 4
41763 | 5
41752 | 3
44233 | 5
39280 | 4
45068 | 4
38588 | 4
41806 | 5
41828 | 4
41743 | 5
43796 | 5
39984 | 5
41791 | 5
41831 | 4
41709 | 5
41590 | 5
41817 | 5
41751 | 4
41914 | 5
41874 | 5
41816 | 4
41824 | 5
41733 | 5
41743 | 4
41699 | 5
42768 | 5
40773 | 5
41757 | 5
41744 | 5
41850 | 5
41821 | 4
41737 | 5
43213 | 5
40359 | 5
41858 | 5
41764 | 5
41796 | 5
41758 | 6
41775 | 4
41821 | 5
42109 | 4
41665 | 5
41881 | 4
41459 | 5
41827 | 4
41746 | 5
41879 | 5
41745 | 4
42050 | 4
41730 | 5
41852 | 5
41778 | 5
41478 | 5
41837 | 5
44987 | 5
38600 | 4
41840 | 4
43658 | 4
39865 | 5
42218 | 5
41297 | 5
41868 | 5
41740 | 5
41805 | 5
41864 | 4
41724 | 5
41784 | 5
41797 | 5
41722 | 5
41855 | 6
41801 | 5
41754 | 4
42037 | 5
41524 | 4
42839 | 5
40749 | 5
41843 | 5
41758 | 5
41782 | 5
42284 | 5
41382 | 5
43384 | 5
40119 | 4
41806 | 5
41772 | 5
41753 | 4
41831 | 5
41744 | 4
42005 | 4
41635 | 4
41772 | 4
41796 | 5
41768 | 4
41770 | 5
41883 | 5
41731 | 4
41836 | 4
41737 | 5
41856 | 7
41783 | 5
41741 | 4
42208 | 5
41354 | 4
47412 | 5
36193 | 6
41778 | 5
41714 | 5
41855 | 4
41795 | 6
41833 | 5
41736 | 5
41781 | 5
41800 | 5
41754 | 4
41972 | 5
41557 | 4
41879 | 5
41704 | 4
41891 | 5
41881 | 5
41651 | 4
41968 | 5
41672 | 5
41744 | 5
41808 | 5
41753 | 5
41799 | 5
41752 | 5
43192 | 7
40339 | 5
42945 | 4
40731 | 4
41742 | 6
41997 | 5
41911 | 5
41730 | 5
41808 | 5
41525 | 5
41796 | 5
41786 | 6
41793 | 4
42083 | 5
41829 | 5
41688 | 5
41784 | 5
41632 | 4
41698 | 4
41815 | 5
41821 | 5
41782 | 5
42965 | 4
40637 | 5
45038 | 5
38488 | 6
41791 | 4
42006 | 4
41537 | 5
41742 | 5
41876 | 5
41779 | 5
41847 | 4
41738 | 5
41774 | 5
42000 | 5
41808 | 5
41558 | 4
41824 | 5
41748 | 5
41875 | 5
41703 | 5
42227 | 4
41610 | 5
42187 | 5
41335 | 5
41821 | 5
41516 | 4
42315 | 5
41300 | 6
42151 | 5
46325 | 5
36889 | 5
41822 | 4
41984 | 5
41734 | 5
41881 | 6
41679 | 5
41848 | 5
41778 | 5
41755 | 5
41732 | 5
41869 | 5
41808 | 5
41840 | 5
42154 | 5
41329 | 5
41783 | 5
41829 | 4
41844 | 5
41743 | 5
43543 | 5
40068 | 5
45850 | 4
37618 | 4
41860 | 5
41938 | 5
41637 | 4
41766 | 6
41757 | 5
41888 | 5
47081 | 5
36662 | 5
41773 | 5
41799 | 5
41884 | 5
42145 | 5
41056 | 5
41869 | 4
41820 | 5
41716 | 4
42196 | 5
41399 | 4
41770 | 5
41791 | 5
41865 | 5
41918 | 5
41622 | 4
41884 | 5
41692 | 5
42896 | 4
40665 | 5
41779 | 5
41796 | 5
41913 | 5
41677 | 4
41788 | 5
41739 | 5
41817 | 5
41852 | 5
41636 | 5
42162 | 5
41780 | 5
41813 | 5
41741 | 5
41809 | 5
41455 | 5
41890 | 5
41830 | 4
41739 | 4
43095 | 4
40495 | 5
47242 | 5
36376 | 5
41713 | 5
42537 | 4
41176 | 5
41619 | 4
41939 | 5
41674 | 5
41848 | 4
41971 | 6
41825 | 5
41748 | 5
41859 | 5
41803 | 5
41478 | 5
41833 | 4
41776 | 4
41854 | 5
42056 | 4
41714 | 5
41522 | 5
41646 | 4
41846 | 4
41682 | 5
41819 | 5
42511 | 5
41062 | 5
45112 | 5
38440 | 5
41837 | 5
41832 | 4
41727 | 4
41827 | 5
41717 | 5
41738 | 4
41843 | 5
41762 | 5
42006 | 5
41914 | 5
41706 | 5
41808 | 4
41836 | 5
41806 | 5
41519 | 4
41755 | 5
41830 | 4
41791 | 5
41830 | 5
42052 | 5
43181 | 4
40294 | 5
42079 | 5
41531 | 5
41547 | 5
41954 | 5
41620 | 5
41713 | 5
41999 | 3
41885 | 5
41767 | 5
41774 | 5
41800 | 4
41799 | 6
41699 | 4
41886 | 5
41813 | 5
41769 | 5
42189 | 5
41341 | 5
42080 | 5
41772 | 4
41694 | 5
41384 | 5
41806 | 5
42686 | 5
40905 | 4
45337 | 4
38455 | 5
41848 | 5
41929 | 5
41588 | 5
43902 | 4
39461 | 5
41741 | 4
42367 | 6
41696 | 5
41682 | 5
41786 | 6
41684 | 5
41825 | 5
41768 | 5
41882 | 4
41782 | 3
41480 | 5
41804 | 5
41754 | 5
41737 | 5
42110 | 4
46797 | 5
36895 | 4
41672 | 4
41784 | 5
41520 | 6
41871 | 5
41744 | 6
41958 | 5
42367 | 4
41257 | 4
44118 | 4
39463 | 5
41785 | 4
42058 | 4
41247 | 4
41821 | 5
41825 | 4
41743 | 4
42127 | 5
41727 | 5
41525 | 5
41869 | 5
41745 | 5
41825 | 5
41737 | 4
43766 | 5
39800 | 5
45021 | 4
38578 | 5
41860 | 4
42012 | 5
41501 | 5
41780 | 4
41776 | 4
41770 | 5
41764 | 4
41835 | 5
41845 | 4
41986 | 5
41800 | 5
41726 | 4
41827 | 5
41782 | 4
41590 | 5
42152 | 5
41491 | 5
41686 | 6
41821 | 5
41835 | 4
45659 | 5
37860 | 4
41785 | 5
42148 | 4
41497 | 4
43346 | 6
40250 | 5
41689 | 5
41745 | 4
42312 | 5
41543 | 4
42031 | 6
41536 | 5
41882 | 4
42278 | 5
41816 | 5
41237 | 5
41752 | 5
42236 | 6
42073 | 5
41097 | 5
41726 | 5
42145 | 5
41399 | 5
41919 | 4
42204 | 4
41442 | 5
44282 | 5
39222 | 5
41762 | 5
41772 | 5
41715 | 5
42651 | 5
40763 | 5
41798 | 5
41836 | 5
41831 | 4
41929 | 5
41541 | 5
41783 | 4
41796 | 5
41802 | 5
41793 | 5
41817 | 4
41731 | 6
41810 | 6
41814 | 5
41741 | 4
42104 | 4
45374 | 5
38114 | 5
41868 | 5
42139 | 5
41204 | 5
42826 | 5
40677 | 5
41820 | 5
43726 | 5
39910 | 4
41741 | 4
41771 | 5
41777 | 4
41803 | 5
41803 | 4
41779 | 4
41800 | 5
41832 | 5
42048 | 5
41451 | 5
42073 | 5
43631 | 5
39912 | 5
41788 | 5
41774 | 4
42281 | 5
41092 | 5
42849 | 4
40942 | 5
41805 | 5
43321 | 5
40106 | 5
41677 | 4
41857 | 4
41722 | 4
41825 | 4
41784 | 33
42016 | 4
41584 | 4
41720 | 5
42018 | 5
41829 | 5
41775 | 4
41506 | 5
41837 | 5
41841 | 5
41841 | 4
41765 | 5
42117 | 5
46865 | 5
36646 | 4
41732 | 5
45644 | 6
38235 | 5
41481 | 4
41872 | 5
41437 | 4
45526 | 5
38012 | 5
41781 | 5
41963 | 5
41650 | 4
41907 | 5
41611 | 5
41844 | 4
41876 | 5
41717 | 5
41793 | 4
41790 | 5
41806 | 5
42055 | 4
41722 | 5
41516 | 5
41850 | 5
41801 | 4
41761 | 5
42988 | 5
40863 | 5
41898 | 5
41690 | 4
41741 | 4
41817 | 5
41528 | 5
41830 | 5
41776 | 5
41788 | 5
41853 | 4
41692 | 4
41885 | 5
41736 | 4
41759 | 4
41787 | 5
41742 | 5
42058 | 5
41678 | 5
41674 | 5
41783 | 4
41785 | 5
45098 | 5
38452 | 4
41767 | 4
42829 | 5
40876 | 5
41710 | 6
41866 | 6
41759 | 6
42529 | 4
41261 | 5
41783 | 5
41779 | 5
41767 | 4
41793 | 5
41741 | 5
41853 | 5
41895 | 4
41764 | 5
41873 | 6
41704 | 4
41791 | 5
41606 | 5
41585 | 5
41807 | 5
41868 | 5
41819 | 5
41745 | 5
42992 | 5
40583 | 4
41786 | 5
42286 | 5
41384 | 5
43131 | 4
40392 | 6
41682 | 4
41858 | 4
41813 | 4
41929 | 5
41634 | 4
41822 | 5
41725 | 4
41789 | 4
41760 | 5
41901 | 5
41744 | 6
41852 | 5
41733 | 4
41859 | 4
41698 | 5
44989 | 4
38807 | 4
41808 | 4
42269 | 5
41303 | 5
42537 | 5
40848 | 5
41747 | 4
41794 | 5
42149 | 4
41415 | 5
41787 | 4
41771 | 5
41874 | 5
41691 | 5
41856 | 4
41817 | 5
41729 | 4
42004 | 5
41839 | 5
41935 | 4
41451 | 5
41716 | 4
41815 | 4
41778 | 4
41846 | 5
41948 | 5
43013 | 4
40662 | 4
41855 | 6
42087 | 4
41124 | 6
41759 | 5
41727 | 4
41884 | 4
45124 | 4
38445 | 6
41864 | 5
41701 | 4
41817 | 4
41731 | 3168
38804 | 9
41740 | 5
41720 | 5
41782 | 5
41866 | 4
41737 | 5
41783 | 4
42056 | 5
44924 | 4
38359 | 5
41962 | 4
41678 | 6
41699 | 5
41718 | 5
42089 | 5
41823 | 6
41712 | 5
42014 | 5
41608 | 5
41554 | 5
41850 | 5
41774 | 6
41804 | 5
41735 | 5
41834 | 5
41853 | 6
41679 | 5
41808 | 5
41746 | 4
41786 | 5
41801 | 4
41819 | 5
41707 | 5
41879 | 5
41760 | 4
43102 | 5
40811 | 5
41716 | 5
43169 | 5
40384 | 5
41578 | 6
41766 | 5
41863 | 4
43305 | 5
40476 | 6
41760 | 5
42035 | 4
41645 | 4
41445 | 5
41802 | 5
41759 | 5
41781 | 5
41916 | 5
41748 | 5
41728 | 5
41791 | 5
41817 | 5
43211 | 5
40337 | 5
41794 | 5
41810 | 5
41792 | 5
41778 | 6
41757 | 5
41856 | 5
41804 | 4
41934 | 4
41898 | 5
41520 | 4
41722 | 6
41797 | 6
41716 | 4
41814 | 4
42186 | 4
41673 | 5
41756 | 4
41866 | 4
41810 | 4
41521 | 4
41812 | 4
41943 | 5
41786 | 5
41781 | 4
41753 | 5
43065 | 5
40527 | 4
41781 | 5
42891 | 4
40744 | 4
41776 | 5
41771 | 5
41716 | 5
42827 | 4
40806 | 5
41801 | 5
42065 | 5
41729 | 5
41791 | 4
41645 | 5
41723 | 5
41684 | 5
42161 | 4
41601 | 5
41982 | 5
41855 | 6
41711 | 4
45034 | 4
38221 | 5
41963 | 5
41675 | 4
41873 | 5
41664 | 5
41810 | 4
41817 | 5
42616 | 5
41043 | 5
41746 | 5
41708 | 5
41856 | 4
41653 | 5
41828 | 5
41889 | 4
41810 | 6
41715 | 5
42044 | 5
42820 | 5
40739 | 4
41804 | 5
41759 | 5
41730 | 4
41860 | 6
41832 | 5
41760 | 5
42935 | 5
40706 | 5
41789 | 5
41538 | 4
41830 | 7
41764 | 6
42203 | 5
41316 | 4
43469 | 5
40109 | 5
41830 | 5
41719 | 5
42014 | 5
41551 | 4
41918 | 5
41746 | 5
41953 | 4
41803 | 5
41990 | 4
41580 | 5
41845 | 6
41495 | 5
45105 | 4
38480 | 5
41894 | 5
41633 | 5
41895 | 4
41695 | 5
41899 | 5
41734 | 5
43230 | 5
40350 | 5
41779 | 6
41778 | 4
42080 | 5
42056 | 5
41581 | 5
41778 | 5
41648 | 4
41872 | 5
42040 | 5
41195 | 5
41700 | 5
41977 | 5
41847 | 5
41749 | 5
41865 | 4
41737 | 5
41768 | 4
43090 | 5
40243 | 5
41818 | 5
41816 | 5
41750 | 5
41902 | 5
41615 | 5
41904 | 5
44072 | 5
39465 | 4
41810 | 4
41791 | 4
41756 | 5
41873 | 5
41737 | 5
41751 | 4
42030 | 5
41818 | 5
41880 | 5
41736 | 4
41809 | 4
41496 | 5
45871 | 6
37609 | 5
41913 | 5
41762 | 5
41992 | 4
41815 | 5
41541 | 5
41899 | 4
42127 | 6
41353 | 5
41712 | 5
41921 | 5
41725 | 5
42216 | 4
41295 | 4
41931 | 4
42113 | 5
41653 | 5
41733 | 31
41565 | 4
41788 | 5
41813 | 5
41764 | 4
41884 | 4
41919 | 4
41833 | 5
41747 | 5
43083 | 5
40287 | 5
41784 | 5
41743 | 5
41911 | 5
41702 | 6
41756 | 5
41730 | 4
42191 | 5
41505 | 5
41791 | 5
41768 | 5
41834 | 5
41693 | 5
41842 | 6
41963 | 4
41613 | 6
41790 | 5
42012 | 5
41873 | 5
41800 | 5
41501 | 5
45028 | 5
38463 | 5
41732 | 5
41941 | 5
41928 | 4
41800 | 5
41911 | 5
41688 | 5
41567 | 4
41947 | 4
43253 | 5
40153 | 5
41755 | 5
42948 | 4
40721 | 5
41731 | 4
41753 | 6
41821 | 5
41741 | 5
41914 | 5
41734 | 5
41756 | 4
41800 | 6
41767 | 4
41837 | 4
41825 | 5
42025 | 4
45196 | 5
38285 | 4
41900 | 5
41922 | 4
41667 | 5
41803 | 6
41442 | 5
41909 | 4
42656 | 4
41064 | 5
41850 | 5
41509 | 4
41792 | 5
41736 | 5
41912 | 4
41685 | 5
41802 | 5
41792 | 4
41890 | 4
41713 | 5
41759 | 4
41795 | 4
45818 | 5
37718 | 4
41802 | 4
41700 | 5
41982 | 5
43593 | 5
39915 | 4
41823 | 5
41743 | 5
43587 | 4
40005 | 5
41788 | 4
41836 | 6
43483 | 5
40006 | 4
41936 | 5
41686 | 5
41765 | 4
41801 | 5
41740 | 5
41913 | 5
41712 | 5
41941 | 5
41906 | 5
41532 | 5
41778 | 5
41777 | 4
43036 | 5
40617 | 4
41747 | 6
41839 | 6
41663 | 5
41832 | 4
41798 | 4
41741 | 5
43523 | 5
40074 | 5
41834 | 5
41808 | 4
41791 | 5
41885 | 4
41660 | 5
41800 | 5
41942 | 5
41880 | 4
41801 | 5
41766 | 5
41796 | 4
41858 | 5
46605 | 5
37030 | 5
41730 | 4
41414 | 4
41882 | 5
41761 | 5
41818 | 6
41769 | 5
41802 | 5
41819 | 5
41759 | 4
41768 | 5
41805 | 5
44349 | 5
39147 | 5
41873 | 4
42113 | 4
41826 | 5
41801 | 4
41698 | 5
41739 | 4
41839 | 5
41717 | 5
41716 | 5
41848 | 4
41817 | 5
41595 | 5
43988 | 5
39517 | 4
41842 | 5
41799 | 5
41763 | 5
41858 | 5
41708 | 4
41792 | 5
42760 | 5
40785 | 5
41900 | 5
41770 | 5
41756 | 5
42451 | 5
41162 | 4
41725 | 5
42064 | 5
41760 | 5
41816 | 4
41819 | 5
41712 | 5
41670 | 5
46262 | 5
37198 | 5
41792 | 5
41725 | 5
42185 | 6
41779 | 5
41490 | 5
41805 | 5
41762 | 5
41808 | 4
41759 | 5
41807 | 5
41778 | 5
42415 | 5
41088 | 4
41878 | 5
41799 | 4
41762 | 5
43093 | 4
40446 | 5
41830 | 5
41726 | 4
41868 | 5
41926 | 4
41861 | 5
41873 | 5
41776 | 4
43701 | 4
39576 | 5
41873 | 5
41911 | 5
41711 | 5
41690 | 5
42178 | 5
41591 | 5
42745 | 5
40621 | 5
42000 | 5
41498 | 4
41863 | 5
43170 | 7
40456 | 5
41774 | 5
41738 | 5
41804 | 4
42064 | 5
41833 | 5
42088 | 6
41393 | 4
46649 | 5
36960 | 5
41868 | 5
41814 | 5
41784 | 6
43260 | 5
40264 | 5
41803 | 6
41494 | 4
41794 | 4
41798 | 4
41800 | 5
41768 | 5
43049 | 4
40566 | 5
41755 | 5
41794 | 5
41797 | 4
41883 | 5
42004 | 5
41759 | 5
41448 | 4
41811 | 5
41833 | 4
41774 | 5
41792 | 5
41962 | 5
44748 | 5
38875 | 5
41824 | 4
41803 | 4
41532 | 5
41786 | 4
41772 | 5
41809 | 5
41754 | 5
41791 | 4
41786 | 4
41821 | 4
41801 | 5
44531 | 5
39038 | 5
41773 | 4
41807 | 4
41847 | 4
41708 | 5
41863 | 5
41728 | 5
42038 | 5
45814 | 5
37939 | 5
41380 | 5
41754 | 4
41814 | 4
41804 | 5
42214 | 5
41586 | 5
41754 | 5
41793 | 5
41799 | 4
41566 | 5
41856 | 5
43088 | 5
40384 | 5
41843 | 5
41811 | 5
41813 | 4
41914 | 4
41595 | 5
41850 | 5
42019 | 5
41477 | 5
41741 | 5
41856 | 5
41833 | 4
41735 | 5
43079 | 5
40585 | 5
42046 | 6
41483 | 5
41994 | 5
41862 | 6
41718 | 4
41784 | 5
41872 | 5
41539 | 5
41918 | 5
41599 | 4
41744 | 4
42152 | 5
41493 | 4
41784 | 5
41794 | 4
41851 | 6
41769 | 5
41727 | 5
41789 | 4
41808 | 4
46635 | 4
36946 | 5
42051 | 5
41626 | 4
41987 | 5
42942 | 5
40261 | 4
41783 | 5
41870 | 5
41799 | 4
41831 | 4
41915 | 5
41807 | 5
42277 | 4
41343 | 5
42162 | 4
41197 | 4
41770 | 5
41758 | 6
41811 | 4
41824 | 5
42046 | 5
41801 | 5
41752 | 5
41876 | 4
41673 | 5
41550 | 4
42977 | 5
40571 | 5
41934 | 5
41933 | 5
41832 | 5
41702 | 4
41791 | 5
41756 | 5
41910 | 5
41811 | 4
41768 | 5
42048 | 5
41228 | 4
42150 | 4
41469 | 5
41814 | 5
41699 | 4
41950 | 9
41685 | 6
41768 | 5
41770 | 40
41745 | 4
47209 | 6
36484 | 5
41766 | 4
41677 | 5
42595 | 4
41316 | 5
41827 | 6
41778 | 4
41873 | 5
41674 | 4
41694 | 5
41775 | 4
41814 | 5
42626 | 32
40922 | 5
41810 | 4
41589 | 5
41981 | 5
41687 | 6
41824 | 5
41778 | 5
41772 | 4
41759 | 5
41813 | 5
41873 | 5
41855 | 5
41672 | 5
43087 | 4
40453 | 4
41814 | 5
41849 | 5
41723 | 5
41821 | 5
42043 | 5
41801 | 5
41790 | 4
41878 | 5
41638 | 5
41776 | 5
41911 | 5
42124 | 4
41432 | 5
41701 | 5
41891 | 4
41878 | 5
41397 | 5
41751 | 4
41748 | 4
41871 | 6
45842 | 4
37725 | 4
41802 | 5
41753 | 4
41849 | 5
43588 | 6
40031 | 6
41718 | 4
41896 | 5
41675 | 5
41790 | 5
41782 | 4
41811 | 5
41731 | 4
42032 | 5
41812 | 5
41863 | 5
41727 | 5
41740 | 5
41834 | 5
41832 | 5
41834 | 5
41716 | 4
41720 | 6
41882 | 5
41972 | 5
41320 | 4
44974 | 5
38596 | 4
41812 | 5
41760 | 5
41892 | 4
41772 | 5
41656 | 5
41791 | 4
41832 | 4
41812 | 4
41795 | 5
41932 | 5
41611 | 4
42880 | 5
40735 | 4
41796 | 5
43286 | 5
40867 | 5
42366 | 6
41030 | 5
42129 | 5
41317 | 5
45058 | 5
38472 | 5
42388 | 5
41222 | 4
41866 | 4
41695 | 5
41519 | 5
41907 | 4
41550 | 5
41912 | 5
41577 | 5
41874 | 6
41782 | 5
41835 | 5
41725 | 5
41912 | 4
41696 | 5
41760 | 4
42145 | 5
41434 | 4
41890 | 4
41742 | 5
41745 | 5
41976 | 5
41912 | 4
41804 | 5
41783 | 5
42911 | 4
40600 | 5
41779 | 5
41785 | 5
41832 | 6
41753 | 5
41760 | 5
41764 | 5
41885 | 5
41532 | 5
41785 | 4
41749 | 5
41875 | 5
42908 | 5
40616 | 5
41779 | 4
41877 | 9
41713 | 6
43874 | 5
40074 | 6
41640 | 4
41774 | 4
45100 | 4
38514 | 4
41845 | 5
41696 | 4
41852 | 4
41712 | 5
41818 | 5
41785 | 5
41769 | 4
41815 | 5
41759 | 5
41885 | 4
41835 | 5
41748 | 5
41793 | 5
41736 | 4
41773 | 4
41779 | 5
42289 | 4
41287 | 5
41767 | 5
41713 | 5
41663 | 5
41785 | 5
41778 | 5
41803 | 4
41837 | 5
45484 | 5
38024 | 5
41809 | 6
41783 | 4
41774 | 4
41783 | 5
42092 | 5
41842 | 5
41678 | 4
41781 | 5
41803 | 6
41828 | 4
41771 | 5
42270 | 5
41293 | 5
41832 | 5
41748 | 5
41814 | 6
41552 | 5
41897 | 5
41691 | 5
41754 | 5
41763 | 5
43289 | 4
40292 | 5
41733 | 4
41865 | 5
41802 | 7
41803 | 5
41792 | 5
41762 | 5
42057 | 5
41754 | 5
41797 | 4
41745 | 5
42080 | 5
41489 | 5
41820 | 4
41966 | 5
41765 | 5
42643 | 5
40532 | 4
41920 | 4
41611 | 5
41909 | 5
45582 | 6
38079 | 5
41730 | 4
41746 | 5
43093 | 5
40458 | 5
41785 | 5
41800 | 4
41785 | 5
41755 | 5
41884 | 5
41694 | 4
41799 | 4
42107 | 5
41808 | 5
41769 | 5
41743 | 5
42164 | 4
41469 | 5
41719 | 5
41775 | 6
41810 | 4
41691 | 4
41885 | 4
41896 | 5
41457 | 5
45386 | 4
38172 | 5
41793 | 4
41790 | 4
41848 | 5
41702 | 5
41802 | 6
41794 | 5
42041 | 4
41792 | 5
41546 | 4
41746 | 5
41839 | 4
41779 | 5
41764 | 5
41814 | 5
42093 | 4
41709 | 5
42397 | 7
41204 | 5
41780 | 5
41819 | 6
41830 | 4
41771 | 4
41887 | 5
41704 | 5
41760 | 4
42966 | 4
40211 | 5
41945 | 5
41780 | 4
41735 | 5
41905 | 5
41699 | 4
41792 | 5
41788 | 4
41795 | 5
41895 | 8
41692 | 5
41836 | 5
41982 | 4
41587 | 4
41757 | 5
41761 | 5
41759 | 6
42531 | 4
41326 | 5
41789 | 5
41820 | 5
45182 | 5
38377 | 4
41777 | 5
41759 | 5
41806 | 5
41754 | 5
41840 | 5
41821 | 5
41743 | 5
41547 | 5
41824 | 5
41746 | 5
41800 | 5
41780 | 5
41729 | 4
41923 | 5
41757 | 5
41776 | 5
41805 | 6
41734 | 4
41810 | 5
41770 | 4
41813 | 4
43301 | 5
40275 | 5
41802 | 5
41976 | 4
43093 | 4
40578 | 5
41830 | 5
41772 | 5
41820 | 5
41686 | 5
41771 | 5
41899 | 5
41708 | 5
41752 | 5
41801 | 5
41548 | 4
41910 | 5
41682 | 5
41816 | 4
41721 | 4
41836 | 5
41774 | 5
43083 | 5
40620 | 4
41713 | 4
41710 | 4
45279 | 5
38280 | 4
41876 | 5
41609 | 4
41947 | 4
42067 | 5
41771 | 5
41743 | 4
41792 | 6
41826 | 5
41773 | 5
41820 | 5
41747 | 5
41757 | 5
41831 | 4
41885 | 4
41955 | 4
41578 | 4
41507 | 5
41719 | 4
41861 | 5
41764 | 5
41880 | 4
43787 | 5
39714 | 4
41803 | 5
41774 | 4
43556 | 5
40233 | 4
41819 | 6
41808 | 4
41765 | 5
41883 | 4
41801 | 5
41782 | 5
41767 | 5
41776 | 5
41764 | 5
42210 | 4
41326 | 4
41760 | 6
41596 | 4
41774 | 4
41781 | 5
41800 | 5
43906 | 5
39715 | 4
41751 | 5
41848 | 4
43485 | 4
41071 | 5
40736 | 5
41804 | 5
41827 | 5
41793 | 5
41711 | 5
42181 | 5
41466 | 5
42776 | 5
41997 | 5
40691 | 4
41884 | 5
41853 | 5
41725 | 5
41803 | 4
41799 | 5
41757 | 5
41826 | 5
41757 | 5
41877 | 4
41505 | 5
41737 | 5
41725 | 4
41841 | 4
41859 | 4
41751 | 4
43240 | 5
40300 | 5
41922 | 5
41768 | 4
41672 | 5
41850 | 5
41725 | 4
41922 | 5
41709 | 5
41831 | 5
41824 | 5
41918 | 5
41911 | 5
41885 | 5
41816 | 4
41625 | 5
41735 | 4
41796 | 5
42247 | 4
41342 | 5
41755 | 5
41789 | 5
46284 | 5
37051 | 5
41850 | 4
41738 | 5
41876 | 5
41689 | 5
42414 | 5
41198 | 4
41778 | 5
41803 | 5
41761 | 5
41777 | 4
42039 | 4
41582 | 4
41767 | 5
41789 | 5
41823 | 4
41755 | 5
41881 | 5
41929 | 4
41846 | 4
41730 | 4
41814 | 4
42260 | 5
41285 | 4
41904 | 5
41760 | 4
41790 | 5
41865 | 5
41737 | 5
41737 | 5
41423 | 5
41963 | 5
41746 | 5
41713 | 4
41836 | 4
41894 | 5
41670 | 4
41798 | 6
41810 | 5
41789 | 5
41741 | 4
41819 | 4
41763 | 5
41879 | 5
41750 | 4
41735 | 5
41799 | 4
42171 | 5
45415 | 4
37967 | 4
41848 | 5
41853 | 5
41699 | 5
41794 | 4
41884 | 6
41730 | 5
41789 | 6
41772 | 5
41811 | 4
41810 | 4
41537 | 5
41754 | 5
41759 | 4
41830 | 5
41819 | 4
41739 | 4
41868 | 5
41791 | 4
41753 | 5
41768 | 5
41815 | 5
43245 | 5
40293 | 5
41798 | 5
41803 | 4
43162 | 5
41162 | 4
41279 | 6
41727 | 5
41919 | 4
41843 | 5
41740 | 5
41840 | 5
41752 | 4
41719 | 5
41848 | 5
41704 | 5
41785 | 5
41776 | 5
41571 | 5
41788 | 5
42030 | 5
41572 | 5
41802 | 5
41764 | 5
41815 | 4
42215 | 5
45027 | 5
41143 | 5
38791 | 4
41716 | 5
41903 | 5
41635 | 5
41771 | 6
41886 | 5
41781 | 5
41800 | 5
41824 | 5
41818 | 5
41863 | 4
41854 | 6
41730 | 4
41789 | 5
41770 | 4
41793 | 5
41873 | 5
41918 | 5
41815 | 4
41567 | 5
41778 | 5
42250 | 4
41322 | 5
41901 | 5
41746 | 4
45595 | 4
38504 | 5
41295 | 5
43230 | 5
40481 | 5
41814 | 5
41755 | 4
41806 | 5
41909 | 6
41675 | 4
41801 | 5
41764 | 5
41787 | 5
41838 | 5
41756 | 4
41856 | 5
41498 | 5
41767 | 5
41826 | 5
41762 | 4
41843 | 5
41717 | 4
45251 | 5
38826 | 4
41305 | 4
41804 | 4
41777 | 5
41817 | 4
41725 | 5
41866 | 5
41757 | 5
41788 | 5
41820 | 5
42161 | 5
41666 | 5
41852 | 4
41704 | 5
41810 | 5
41764 | 5
41803 | 5
41836 | 5
41829 | 5
41643 | 4
41847 | 5
41781 | 4
42244 | 4
41402 | 4
41440 | 5
41728 | 6
43141 | 5
41845 | 5
40501 | 5
41752 | 5
41854 | 5
41731 | 5
41983 | 5
41869 | 5
41759 | 4
41777 | 5
41810 | 4
41739 | 5
41985 | 5
41667 | 5
41744 | 5
41778 | 5
41792 | 5
41861 | 5
41511 | 4
41827 | 5
41804 | 5
41747 | 4
45230 | 5
39532 | 5
40447 | 5
41759 | 4
41784 | 5
41795 | 5
42912 | 4
40908 | 6
41754 | 4
41795 | 5
41885 | 5
41807 | 5
41771 | 5
41793 | 4
41808 | 5
41693 | 5
41808 | 4
41737 | 4
41853 | 4
41491 | 5
41797 | 4
41773 | 5
41894 | 6
41723 | 4
41787 | 5
41802 | 5
41805 | 5
43293 | 6
42784 | 4
39254 | 6
41849 | 5
41675 | 5
41934 | 5
41698 | 5
41827 | 4
41770 | 4
42027 | 4
42532 | 6
41095 | 5
41721 | 4
41788 | 4
41785 | 5
41774 | 5
42222 | 4
41434 | 5
41828 | 4
41830 | 5
41704 | 5
41429 | 5
41889 | 4
43070 | 5
40490 | 4
41778 | 5
41806 | 4
41848 | 5
41886 | 5
41636 | 5
41780 | 4
41750 | 4
41818 | 4
41774 | 5
41762 | 5
41879 | 5
41709 | 5
41782 | 5
42062 | 5
41779 | 5
41827 | 4
41752 | 4
41930 | 5
41659 | 4
41798 | 5
42273 | 5
41317 | 5
41804 | 5
41761 | 5
43086 | 5
40437 | 4
41613 | 5
41782 | 5
41993 | 5
41523 | 5
44260 | 5
39362 | 5
41810 | 4
41874 | 4
41713 | 4
41781 | 5
41775 | 5
41800 | 4
41822 | 5
41764 | 5
41709 | 5
41902 | 4
41795 | 4
41763 | 4
41752 | 5
41754 | 5
45491 | 4
39183 | 5
40742 | 5
41845 | 6
41747 | 5
41753 | 5
42627 | 5
40969 | 5
41829 | 5
41798 | 4
41726 | 4
41851 | 5
41729 | 5
41896 | 4
41659 | 5
41814 | 4
41740 | 5
41869 | 4
41839 | 5
41778 | 5
41755 | 5
41971 | 4
41817 | 4
41786 | 4
41797 | 4
41798 | 5
41770 | 5
41837 | 5
41970 | 5
41675 | 6
41773 | 4
41464 | 5
41762 | 4
41750 | 5
41887 | 5
41834 | 5
41712 | 4
41819 | 5
41759 | 5
41848 | 5
41737 | 5
41801 | 5
41763 | 5
41956 | 4
41631 | 5
41850 | 5
41716 | 5
41841 | 5
42041 | 5
45318 | 5
38617 | 5
41440 | 5
41687 | 5
41808 | 5
41781 | 5
41818 | 5
41805 | 5
41762 | 5
41804 | 5
41839 | 6
41512 | 4
41775 | 5
41779 | 5
41731 | 5
41846 | 5
41753 | 4
41764 | 5
41976 | 5
41647 | 5
41824 | 4
41743 | 5
41835 | 5
41764 | 5
41782 | 5
41837 | 5
41834 | 5
42947 | 5
41886 | 5
40466 | 5
41787 | 6
41814 | 5
41889 | 5
41736 | 5
41655 | 5
41898 | 4
41759 | 4
41769 | 4
41874 | 5
41689 | 4
41796 | 5
41797 | 4
41839 | 5
41750 | 4
41794 | 5
41805 | 5
41763 | 6
41774 | 5
41798 | 5
45332 | 4
38222 | 5
41815 | 5
41796 | 5
41804 | 5
42756 | 5
42917 | 5
39664 | 5
41806 | 5
41829 | 4
41741 | 5
41786 | 5
41974 | 4
41947 | 5
41408 | 4
41879 | 4
41743 | 5
41791 | 5
41846 | 5
41764 | 5
41840 | 4
41708 | 5
41775 | 4
41804 | 4
42000 | 5
41943 | 5
41654 | 4
43182 | 4
41907 | 5
40291 | 6
41870 | 5
41805 | 6
41880 | 5
41711 | 5
41677 | 5
41772 | 4
41573 | 4
41797 | 5
41767 | 4
41793 | 4
41860 | 5
41804 | 5
41717 | 4
41771 | 5
41800 | 5
41819 | 5
41812 | 5
41719 | 5
41782 | 4
45419 | 5
38262 | 5
41627 | 5
41920 | 4
41733 | 4
41785 | 5
42019 | 5
41558 | 6
41849 | 5
41736 | 5
41769 | 5
41758 | 4
41853 | 6
41777 | 5
41796 | 5
41763 | 5
41852 | 5
41731 | 5
41876 | 5
41719 | 5
41780 | 4
41753 | 5
41827 | 5
41735 | 4
41911 | 5
41769 | 5
41733 | 5
43880 | 5
40853 | 5
40683 | 5
41769 | 5
41756 | 4
41846 | 5
42815 | 4
40826 | 5
41607 | 4
42061 | 4
41814 | 5
41633 | 5
41793 | 5
41796 | 5
41727 | 5
41756 | 5
41828 | 5
41774 | 5
41902 | 6
41679 | 4
41746 | 5
41857 | 4
43616 | 6
39937 | 4
41727 | 5
41746 | 4
41886 | 4
41806 | 5
42709 | 5
42002 | 5
41177 | 4
41440 | 5
52536 | 5
32686 | 6
40127 | 5
41818 | 5
42222 | 4
41537 | 5
41804 | 5
41690 | 5
41798 | 5
41388 | 4
41918 | 4
41743 | 5
41853 | 4
41829 | 5
41685 | 5
41840 | 5
41879 | 5
43133 | 6
40342 | 4
41978 | 4
41594 | 4
41833 | 5
41748 | 5
43438 | 5
40084 | 4
41760 | 5
42069 | 4
41767 | 3095
38860 | 7
41752 | 5
41693 | 5
41824 | 5
41768 | 6
41786 | 6
41801 | 4
41881 | 6
41685 | 4
41979 | 5
41370 | 6
45248 | 5
38311 | 5
41765 | 5
41742 | 5
41925 | 5
41728 | 6
43388 | 5
40199 | 5
41816 | 4
41793 | 5
41801 | 4
41741 | 4
41793 | 4
41788 | 5
41839 | 5
41751 | 5
42107 | 5
41757 | 5
41791 | 4
41756 | 5
41754 | 5
41781 | 4
41823 | 4
41758 | 5
41810 | 5
41795 | 5
41797 | 5
43786 | 5
39505 | 5
43978 | 5
39688 | 4
41738 | 5
41782 | 5
44123 | 4
39429 | 5
41787 | 5
41740 | 5
41911 | 5
41991 | 4
41749 | 5
41804 | 4
41869 | 4
41711 | 4
41782 | 5
41780 | 5
41864 | 4
41793 | 5
41756 | 5
41844 | 5
45170 | 5
38182 | 4
41679 | 5
41932 | 5
41557 | 5
43568 | 4
41180 | 5
40728 | 5
42966 | 5
40606 | 5
41743 | 5
43371 | 4
40462 | 5
41877 | 5
41685 | 5
41816 | 6
41745 | 5
41922 | 4
41829 | 5
41705 | 4
41779 | 4
41796 | 5
41799 | 5
41717 | 4
41630 | 5
41772 | 5
41744 | 4
43208 | 5
40403 | 5
41996 | 6
41592 | 5
41749 | 5
41807 | 6
42292 | 5
41653 | 5
41429 | 5
41733 | 4
41816 | 5
41791 | 5
41824 | 4
41776 | 5
42042 | 4
41766 | 5
41816 | 5
41786 | 5
41856 | 5
41701 | 5
41757 | 5
41801 | 4
46096 | 4
37549 | 6
41825 | 4
41756 | 5
41749 | 5
41716 | 6
42281 | 5
41289 | 4
41760 | 5
41786 | 4
41963 | 5
43078 | 4
40931 | 4
41213 | 5
41782 | 5
41814 | 4
41772 | 5
41900 | 4
41766 | 7
41747 | 6
41860 | 6
41999 | 5
41748 | 4
41785 | 6
41728 | 4
41783 | 5
41803 | 5
43768 | 5
39935 | 5
41660 | 5
41728 | 5
41911 | 5
41744 | 5
43406 | 4
40180 | 5
42132 | 5
42114 | 4
41123 | 4
44805 | 5
38516 | 5
41815 | 4
41756 | 5
41771 | 4
41747 | 4
41923 | 5
41760 | 5
43026 | 5
40525 | 5
41817 | 5
45297 | 5
38312 | 5
41915 | 4
41910 | 5
41763 | 4
41930 | 5
42096 | 5
41324 | 5
41765 | 4
43156 | 5
40795 | 5
41408 | 4
41773 | 5
41800 | 4
41537 | 5
41869 | 4
41756 | 5
41740 | 5
41757 | 5
41826 | 4
41827 | 4
41796 | 5
41775 | 5
41699 | 5
41860 | 5
43934 | 4
39630 | 5
43944 | 5
39672 | 5
41838 | 6
41721 | 4
42045 | 5
41824 | 5
43115 | 5
40406 | 5
41849 | 5
41751 | 4
41808 | 4
41726 | 5
41958 | 4
41734 | 5
41788 | 5
41687 | 5
41594 | 5
41592 | 5
41865 | 5
41737 | 5
41753 | 5
41819 | 5
45500 | 5
38078 | 5
41828 | 4
41735 | 5
41798 | 5
42098 | 5
41438 | 4
41771 | 5
41869 | 4
41787 | 4
41804 | 4
41815 | 4
41922 | 5
41842 | 4
