9 | 2
7 | 1265
9 | 418
7 | 608
7 | 229
9 | 2
7 | 359
9 | 2
8 | 270
31960 | 104
41457 | 90
41629 | 162
41526 | 3
41811 | 123
41570 | 112
41514 | 2
41806 | 133
41515 | 2
41794 | 70
41586 | 33
41766 | 2
42820 | 24
41478 | 29
42517 | 58
40179 | 25
41665 | 49
41704 | 21
41753 | 20
48511 | 60
36339 | 36
40412 | 2
41787 | 28
41783 | 15
41640 | 29
42285 | 14
41995 | 26
41260 | 12
41706 | 11
42257 | 23
41110 | 33
41808 | 10
41641 | 9
41762 | 9
41738 | 9
41847 | 9
41740 | 9
41703 | 18
41892 | 17
41841 | 17
41667 | 7
41763 | 2
45180 | 38
38398 | 15
41682 | 14
41785 | 13
41866 | 6
41874 | 13
41642 | 6
41716 | 18
41792 | 12
41811 | 2
41769 | 4
41745 | 6
41752 | 16
41967 | 5
41718 | 5
41714 | 10
41752 | 5
41778 | 10
41785 | 10
41774 | 5
43353 | 9
40380 | 5
41690 | 9
41735 | 5
41771 | 5
41786 | 8
41780 | 8
43108 | 4
40438 | 8
41994 | 4
41760 | 3
42052 | 7
41455 | 15
41680 | 8
41795 | 5
41751 | 4
41782 | 4
41869 | 4
41750 | 4
41864 | 7
41653 | 4
42423 | 2
41194 | 4
41741 | 4
41803 | 7
41857 | 7
41801 | 4
41771 | 7
41727 | 7
45246 | 3
38320 | 6
41781 | 4
41762 | 4
41781 | 4
41863 | 2
41810 | 6
41803 | 2
41641 | 6
41862 | 6
41755 | 4
41801 | 4
41688 | 4
41832 | 9
41925 | 4
41716 | 4
41788 | 6
41770 | 2
41835 | 6
42895 | 6
40593 | 4
43437 | 6
40290 | 4
43321 | 6
40164 | 3
41718 | 3
41817 | 3
43117 | 6
40606 | 6
41632 | 6
41968 | 4
41713 | 3
41753 | 2
41734 | 6
41794 | 6
41777 | 5
41785 | 6
41785 | 4
41931 | 6
41709 | 3
41928 | 3
41581 | 3
41783 | 6
41808 | 5
41801 | 5
41777 | 2
41896 | 5
42135 | 2
41402 | 5
45108 | 3
38404 | 5
41781 | 7
41772 | 3
41783 | 7
41883 | 5
41819 | 3
41759 | 3
41752 | 3
41746 | 5
41796 | 6
41783 | 3
41790 | 3
41841 | 3
41684 | 3
41925 | 5
41904 | 3
41614 | 4
41772 | 3
42816 | 5
40740 | 3
41871 | 5
41780 | 3
43841 | 27
40110 | 5
41918 | 3
41203 | 3
43670 | 4
39913 | 3
41902 | 5
42106 | 5
41681 | 2
42035 | 5
41722 | 3
41795 | 7
52252 | 3
31296 | 5
42006 | 4
41067 | 3
41885 | 4
42238 | 2
41308 | 3
41794 | 4
41752 | 4
41783 | 4
42265 | 4
41306 | 3
42913 | 4
40755 | 3
49906 | 4
33603 | 3
41738 | 4
42194 | 2
41473 | 3
45402 | 5
38126 | 4
41824 | 3
42061 | 4
41526 | 4
41718 | 5
42209 | 3
41441 | 4
41740 | 5
41867 | 3
41756 | 3
41770 | 3
41786 | 4
41777 | 3
43455 | 3
40150 | 5
43429 | 2
40100 | 5
42552 | 3
41119 | 3
42299 | 5
41700 | 3
47647 | 4
35499 | 3
42100 | 3
41686 | 4
42124 | 3
43104 | 3
40424 | 3
41744 | 4
41687 | 4
41824 | 3
41719 | 3
41941 | 3
41867 | 3
41845 | 4
41705 | 4
41701 | 3
41777 | 3
41361 | 5
41734 | 4
42547 | 3
41526 | 4
41393 | 3
45291 | 3
38286 | 4
42271 | 4
41267 | 4
41756 | 4
41811 | 3
41785 | 5
41923 | 3
41717 | 2
41794 | 4
41750 | 3
41812 | 4
41753 | 4
41843 | 3
41680 | 2
41803 | 3
41715 | 4
41954 | 3
41766 | 3
42847 | 4
40661 | 2
43536 | 6
39939 | 4
41907 | 3
41867 | 4
41837 | 3
41726 | 4
43211 | 4
40403 | 5
41763 | 5
41714 | 3
41796 | 3
41850 | 4
41780 | 2
41858 | 5
41789 | 4
41672 | 4
41800 | 3
41753 | 4
41819 | 4
41760 | 2
41750 | 4
41908 | 4
41855 | 3
42186 | 2
41246 | 4
41821 | 4
41739 | 3
41848 | 3
45235 | 4
38424 | 5
41812 | 3
41708 | 3
41778 | 3
41772 | 5
41865 | 2
41712 | 4
41759 | 4
41895 | 3
41856 | 4
41700 | 3
41733 | 3
41800 | 4
41760 | 2
41820 | 3
41871 | 3
44132 | 3
39429 | 3
42839 | 3
40664 | 3
43377 | 4
40199 | 3
42181 | 4
41421 | 4
42476 | 3
41250 | 3
43091 | 3
40358 | 4
41781 | 3
42359 | 3
41185 | 4
41938 | 4
41732 | 4
41806 | 4
41786 | 3
41711 | 3
42235 | 4
41314 | 4
41804 | 2
41754 | 4
42448 | 3
46983 | 4
36043 | 5
41790 | 4
41719 | 3
41806 | 2
41755 | 4
43067 | 3
44042 | 4
38995 | 4
41194 | 3
41729 | 4
41773 | 5
41801 | 3
41749 | 3
42273 | 4
41320 | 4
41909 | 2
41698 | 4
41820 | 3
41755 | 2
41736 | 4
41808 | 4
41784 | 3
41808 | 3
42467 | 3
41042 | 4
43071 | 4
40664 | 3
43304 | 3
40194 | 2
44040 | 3
39542 | 4
43137 | 3
40406 | 2
43332 | 4
40333 | 4
41763 | 4
41767 | 2
42182 | 4
41359 | 2
41874 | 4
41824 | 4
41783 | 4
41799 | 4
41741 | 4
41754 | 3
41774 | 3
41801 | 3
41836 | 4
41830 | 3
41754 | 4
41790 | 3
41786 | 4
41782 | 3
41688 | 2
41860 | 5
45421 | 3
38888 | 3
41223 | 3
41616 | 3
41880 | 5
41714 | 4
41976 | 3
41594 | 3
41861 | 4
41766 | 4
41815 | 4
41793 | 3
41816 | 2
42127 | 4
41346 | 4
41794 | 4
41798 | 4
41792 | 3
41746 | 4
42920 | 3
40794 | 3
43280 | 4
40221 | 5
44512 | 3
39155 | 5
42234 | 4
41251 | 3
45169 | 4
38540 | 3
41720 | 3
41782 | 4
41730 | 3
41875 | 2
41702 | 4
41823 | 5
41843 | 3
41749 | 4
41836 | 4
41733 | 4
41832 | 5
41801 | 4
41690 | 4
41812 | 4
41781 | 3
41970 | 4
41689 | 3
41758 | 4
41757 | 3
41775 | 3
45421 | 5
38840 | 4
41017 | 4
42116 | 3
41628 | 2
41802 | 5
41738 | 4
41830 | 3
41725 | 3
41779 | 3
41765 | 6
41913 | 3
41792 | 4
41787 | 3
41740 | 3
41832 | 4
41743 | 4
41766 | 4
41737 | 2
42995 | 3
40719 | 4
43335 | 4
40205 | 3
44667 | 4
38905 | 3
41759 | 4
41780 | 3
43200 | 3
40463 | 5
41666 | 3
41726 | 3
41820 | 3
41728 | 4
41768 | 4
41752 | 3
41821 | 4
41745 | 3
41857 | 4
43968 | 3
39657 | 3
41698 | 4
41900 | 4
41780 | 3
41817 | 2
41790 | 3
41761 | 4
41759 | 4
41881 | 3
41798 | 4
45261 | 3
39033 | 4
40947 | 4
42650 | 4
40955 | 3
41759 | 3
41854 | 4
41716 | 3
41795 | 3
41950 | 3
41722 | 3
41792 | 4
41794 | 2
41805 | 3
41828 | 3
41742 | 3
42133 | 4
41411 | 3
41779 | 4
42805 | 2
40923 | 3
43303 | 4
40163 | 5
44483 | 4
39017 | 3
41815 | 2
41775 | 5
43582 | 3
40701 | 3
41801 | 3
41238 | 4
41720 | 4
42873 | 3
40937 | 3
41723 | 4
42858 | 3
40502 | 4
41793 | 2
41842 | 4
41686 | 2
41781 | 4
41788 | 4
41809 | 3
41771 | 4
41805 | 4
41741 | 2
42049 | 4
41623 | 3
41857 | 4
45160 | 4
39121 | 2
41120 | 4
42051 | 2
41343 | 3
41958 | 4
41681 | 3
41737 | 4
41775 | 4
41885 | 2
41750 | 4
41787 | 3
41775 | 4
41867 | 3
47027 | 4
36363 | 2
42023 | 4
41788 | 4
41707 | 3
43010 | 3
40610 | 4
43598 | 2
40045 | 4
44571 | 3
38921 | 4
41772 | 4
41785 | 3
43239 | 3
40868 | 3
41306 | 3
41714 | 3
41821 | 3
41734 | 4
41940 | 4
41865 | 3
41648 | 5
41829 | 4
41875 | 4
41707 | 4
41815 | 2
41789 | 3
41777 | 3
41725 | 4
41790 | 4
41745 | 2
41894 | 4
41717 | 3
41775 | 4
41842 | 4
45219 | 4
38868 | 4
41338 | 2
41763 | 5
41872 | 4
41711 | 3
41829 | 3
41757 | 3
41797 | 3
41792 | 2
41796 | 3
41766 | 3
41795 | 2
41724 | 3
41794 | 4
41810 | 3
41847 | 3
41705 | 2
41736 | 4
43099 | 5
40718 | 3
43271 | 3
40282 | 4
44219 | 4
39297 | 4
41779 | 3
41782 | 3
43046 | 4
40634 | 4
41668 | 4
42259 | 2
41238 | 4
41855 | 3
41778 | 4
41792 | 3
41779 | 3
41806 | 4
41806 | 4
41849 | 4
41796 | 4
41762 | 2
41810 | 4
41786 | 3
41663 | 4
42008 | 3
41728 | 3
41779 | 4
41616 | 3
44240 | 4
43020 | 3
38813 | 3
41162 | 3
41846 | 2
41801 | 4
41735 | 4
41715 | 2
41839 | 4
41849 | 2
41940 | 4
41692 | 4
41827 | 2
41740 | 3
41780 | 3
41789 | 3
41806 | 2
41773 | 5
41721 | 3
41753 | 2
43009 | 4
40657 | 3
46146 | 3
37372 | 3
44410 | 3
39188 | 3
41893 | 3
41905 | 3
43108 | 3
40340 | 3
41821 | 3
42780 | 4
41698 | 3
40873 | 4
41786 | 3
41767 | 4
41777 | 3
41758 | 3
41781 | 3
41780 | 4
41792 | 4
41781 | 4
41834 | 4
41712 | 2
41881 | 3
41692 | 3
41936 | 4
41792 | 4
41784 | 4
41770 | 3
45232 | 3
38375 | 4
41961 | 2
41618 | 3
41705 | 3
41805 | 6
41850 | 6
41688 | 3
41785 | 3
41806 | 3
41779 | 4
41795 | 3
41750 | 4
41946 | 3
41812 | 3
41742 | 3
41788 | 3
41766 | 4
41899 | 3
41711 | 4
41813 | 3
41775 | 4
41760 | 3
41790 | 3
41731 | 3
41802 | 4
41796 | 4
43308 | 3
40234 | 3
41810 | 3
42338 | 4
41219 | 3
41899 | 3
41774 | 3
41962 | 3
41663 | 4
41738 | 3
41811 | 4
41790 | 3
41808 | 3
41717 | 4
41738 | 2
41865 | 4
41756 | 4
41778 | 3
41759 | 4
41812 | 3
41718 | 3
41871 | 3
45291 | 2
38386 | 4
41789 | 2
41755 | 4
41765 | 3
41816 | 2
41781 | 4
41833 | 3
41730 | 4
41953 | 3
42484 | 4
41394 | 4
41927 | 4
41139 | 3
41809 | 3
41783 | 3
42039 | 4
41605 | 3
41668 | 3
42419 | 3
41340 | 3
41752 | 4
41794 | 3
41796 | 3
41768 | 3
41861 | 4
41751 | 4
43255 | 4
40228 | 2
41818 | 3
41747 | 3
41822 | 4
41784 | 4
41855 | 3
41688 | 4
41818 | 4
41728 | 3
41953 | 3
41765 | 3
41796 | 3
41739 | 3
41897 | 3
41714 | 4
41800 | 3
41811 | 3
41788 | 3
41704 | 4
41743 | 2
41908 | 4
45332 | 4
38553 | 3
41932 | 4
41253 | 3
41820 | 3
41876 | 2
41772 | 4
41753 | 3
42481 | 4
41156 | 4
41799 | 4
41760 | 2
41761 | 4
41823 | 3
41771 | 3
41773 | 4
41826 | 2
41712 | 4
41789 | 3
41773 | 3
41847 | 4
43368 | 3
40169 | 30
41771 | 3
41939 | 3
41730 | 3
41788 | 3
43138 | 4
40426 | 3
41838 | 2
41885 | 6
41661 | 3
41867 | 4
41643 | 4
41812 | 3
41744 | 3
41735 | 2
42318 | 4
41366 | 4
41746 | 2
41844 | 3
41919 | 4
41775 | 5
41711 | 3
41801 | 4
41763 | 3
41849 | 4
41710 | 4
41884 | 3
43417 | 3
40899 | 3
40954 | 3
41733 | 4
41811 | 4
41759 | 2
41820 | 4
41782 | 3
43147 | 4
40703 | 4
41554 | 3
41862 | 4
41779 | 3
41734 | 4
41859 | 4
41821 | 3
41743 | 3
41772 | 3
41857 | 4
41833 | 3
41638 | 3
43458 | 2
40112 | 3
42120 | 4
41424 | 3
41772 | 4
41816 | 4
43314 | 3
40280 | 3
41890 | 3
41803 | 3
41823 | 3
41718 | 3
41819 | 4
41814 | 3
41695 | 4
41850 | 4
41779 | 4
41750 | 3
41819 | 3
41725 | 3
41788 | 2
41792 | 3
41758 | 3
41829 | 5
41742 | 3
41839 | 3
41807 | 2
41844 | 3
45781 | 4
38081 | 3
41541 | 3
41771 | 3
41769 | 4
41798 | 4
41912 | 3
41644 | 3
42636 | 4
40918 | 4
41794 | 3
41787 | 4
41766 | 3
41803 | 3
41785 | 4
41794 | 3
41875 | 3
41796 | 3
41755 | 3
41795 | 3
41818 | 4
43272 | 2
40348 | 3
41733 | 3
41791 | 3
41764 | 4
41735 | 3
43331 | 3
40282 | 3
41787 | 3
41807 | 3
41731 | 3
42113 | 2
42238 | 4
41288 | 4
41945 | 2
41515 | 3
41894 | 4
41753 | 3
41782 | 3
41749 | 4
41900 | 3
41759 | 3
41819 | 2
41749 | 4
41742 | 3
41852 | 3
41720 | 2
42222 | 3
44923 | 3
38409 | 3
41696 | 3
41737 | 3
41809 | 2
43106 | 4
40438 | 4
41800 | 3
41759 | 3
41825 | 4
41846 | 4
41797 | 3
41790 | 4
41806 | 3
41708 | 3
41772 | 4
41838 | 3
41738 | 3
41789 | 3
41877 | 3
41803 | 3
43396 | 3
40116 | 3
41748 | 3
41814 | 3
41867 | 3
41726 | 4
43190 | 3
40453 | 3
41848 | 3
41831 | 3
41703 | 3
41718 | 2
41789 | 3
41748 | 3
42755 | 3
40869 | 4
41908 | 3
42332 | 3
41187 | 3
41762 | 4
41766 | 3
41788 | 3
41777 | 3
41778 | 2
41842 | 4
41724 | 3
41916 | 3
41755 | 4
45207 | 2
39226 | 4
40866 | 4
41775 | 2
41903 | 4
41679 | 3
42432 | 4
41254 | 3
41789 | 2
41753 | 3
41750 | 3
41790 | 4
41861 | 3
41752 | 3
41758 | 2
41709 | 3
41789 | 3
41952 | 3
41772 | 3
41731 | 3
41848 | 2
43954 | 4
39359 | 3
41799 | 3
41814 | 3
41793 | 2
41781 | 4
43299 | 4
40455 | 3
41753 | 3
41779 | 3
41816 | 4
41737 | 3
41784 | 3
41826 | 3
42272 | 2
41271 | 4
41714 | 4
41780 | 2
41832 | 3
41756 | 3
41814 | 3
41765 | 3
41922 | 3
41874 | 3
41651 | 3
41782 | 3
41749 | 4
41861 | 3
45335 | 3
38256 | 3
41786 | 3
42595 | 4
40921 | 3
41760 | 3
41980 | 3
41621 | 4
41765 | 2
41842 | 4
41748 | 3
41964 | 3
41683 | 3
41793 | 4
41804 | 3
41795 | 2
41810 | 3
41768 | 3
41809 | 4
41799 | 3
41685 | 3
43520 | 3
40020 | 27
41823 | 4
41764 | 2
41786 | 3
41792 | 3
43317 | 4
40375 | 4
41741 | 2
41843 | 3
41782 | 3
41850 | 3
41699 | 3
41806 | 4
41832 | 2
41715 | 3
41761 | 3
41763 | 4
41809 | 4
41782 | 3
41799 | 3
41785 | 4
41869 | 3
41796 | 3
41782 | 3
41788 | 3
41759 | 4
41840 | 2
45279 | 4
38273 | 3
41834 | 3
41749 | 3
41735 | 3
41772 | 4
41832 | 2
41707 | 3
41857 | 4
41790 | 3
41801 | 3
41798 | 3
41862 | 3
42163 | 3
41438 | 3
41767 | 3
41709 | 3
41847 | 3
41798 | 4
41789 | 3
41800 | 2
43519 | 3
39960 | 3
41761 | 3
41848 | 3
41791 | 4
41825 | 3
43233 | 3
40252 | 3
41967 | 3
41785 | 3
41757 | 2
43511 | 3
40037 | 3
41865 | 3
41729 | 3
41811 | 4
41715 | 4
41751 | 3
41810 | 3
41774 | 3
41838 | 4
41841 | 2
41665 | 4
41815 | 3
41877 | 3
41832 | 3
41733 | 3
41777 | 3
45334 | 4
38320 | 3
41820 | 3
41704 | 3
41811 | 3
41707 | 3
41775 | 4
41786 | 3
41850 | 4
41850 | 4
41698 | 4
41791 | 3
41781 | 4
48882 | 3
34771 | 4
41790 | 4
41806 | 3
41850 | 3
41739 | 3
41763 | 4
42991 | 3
42619 | 3
39695 | 3
42863 | 3
40718 | 3
41881 | 3
41700 | 2
43248 | 4
40393 | 2
41873 | 3
41787 | 3
41737 | 4
41805 | 3
41819 | 3
41766 | 4
41777 | 2
41780 | 4
41765 | 3
41744 | 2
41827 | 3
41685 | 3
41880 | 2
41768 | 3
41784 | 3
41793 | 3
41775 | 4
41898 | 3
41718 | 3
41818 | 3
43705 | 3
39918 | 3
41770 | 3
41821 | 3
41770 | 2
41751 | 3
41791 | 3
41753 | 2
41828 | 5
41761 | 3
41793 | 4
41790 | 3
41774 | 3
42303 | 3
41358 | 2
41814 | 3
41839 | 3
41737 | 2
41794 | 4
41774 | 2
41770 | 4
43509 | 3
40029 | 3
41780 | 3
41852 | 4
41719 | 3
41775 | 3
43392 | 3
40225 | 3
41893 | 3
41754 | 3
41810 | 3
41843 | 4
41732 | 3
41777 | 3
41790 | 3
41789 | 3
41791 | 3
41768 | 4
41742 | 2
41895 | 4
41674 | 3
41785 | 3
41820 | 4
41744 | 3
41787 | 3
41797 | 4
41852 | 3
41913 | 3
45159 | 3
38332 | 3
41815 | 4
41769 | 3
41770 | 4
41836 | 4
41715 | 3
41761 | 3
41788 | 3
41795 | 3
41755 | 3
41819 | 3
41782 | 4
41789 | 3
41882 | 3
41928 | 3
41604 | 3
41853 | 3
41777 | 3
41769 | 3
41926 | 2
43331 | 4
40093 | 3
41816 | 3
41738 | 3
41796 | 3
41776 | 3
43337 | 4
40228 | 2
41818 | 4
41781 | 3
41924 | 3
41759 | 3
41762 | 2
41817 | 4
41774 | 2
41800 | 4
41812 | 3
41748 | 3
41806 | 3
42450 | 3
41040 | 3
41804 | 3
41761 | 3
41802 | 3
41791 | 4
41939 | 3
41659 | 2
41852 | 4
45208 | 2
38477 | 4
41709 | 4
41764 | 3
41810 | 3
41942 | 3
41607 | 2
41787 | 4
41773 | 3
41782 | 3
41784 | 3
41759 | 3
41837 | 3
41779 | 2
41777 | 4
41871 | 3
41773 | 2
41830 | 3
41748 | 3
41826 | 3
41822 | 3
43320 | 3
40199 | 3
41738 | 3
41743 | 3
41852 | 3
41819 | 2
43317 | 4
40216 | 2
41859 | 4
41685 | 3
41915 | 3
41788 | 3
41785 | 3
41866 | 4
41726 | 3
41810 | 2
41753 | 4
41789 | 3
41775 | 3
43191 | 3
40305 | 3
41814 | 3
41810 | 3
41807 | 3
41780 | 3
41761 | 2
41740 | 4
41934 | 3
45438 | 3
39578 | 3
40362 | 3
41800 | 3
41746 | 3
41762 | 4
41864 | 3
41725 | 2
41739 | 4
41806 | 3
41793 | 4
41867 | 3
41710 | 3
41791 | 4
41782 | 3
41742 | 3
41927 | 3
41800 | 3
41702 | 3
41916 | 3
41746 | 3
43468 | 3
40165 | 2
41729 | 4
41715 | 3
41802 | 4
41791 | 2
43356 | 3
40224 | 4
41795 | 3
41798 | 3
41769 | 3
42323 | 3
41346 | 3
41797 | 3
41847 | 3
41740 | 4
41792 | 3
41714 | 3
41810 | 2
41773 | 4
41783 | 3
41773 | 3
41829 | 4
41876 | 4
41639 | 2
41812 | 4
41655 | 3
41965 | 4
45660 | 4
39431 | 3
40370 | 4
41759 | 3
41815 | 4
41736 | 3
41836 | 3
42065 | 3
41639 | 3
42837 | 4
40546 | 4
42162 | 3
41795 | 2
42046 | 4
41056 | 4
41860 | 3
42244 | 4
41424 | 3
42060 | 3
42518 | 4
40802 | 4
43358 | 3
40179 | 3
41844 | 3
41752 | 4
41726 | 4
41796 | 4
43354 | 3
40207 | 3
41824 | 4
41731 | 4
41810 | 3
41928 | 3
41796 | 3
41758 | 4
41781 | 3
41815 | 3
41759 | 4
41708 | 3
41860 | 4
41794 | 3
41845 | 3
41712 | 3
41729 | 2
41781 | 3
41777 | 3
41818 | 2
41820 | 4
41755 | 2
45466 | 3
38184 | 4
41798 | 2
41802 | 3
42205 | 4
41343 | 4
41809 | 3
43420 | 3
40219 | 3
41703 | 3
41755 | 3
41800 | 3
41773 | 3
41771 | 2
41845 | 3
41749 | 4
41775 | 4
41896 | 3
42710 | 3
40831 | 3
41839 | 3
41773 | 3
41817 | 4
41784 | 3
41869 | 3
41820 | 3
41754 | 4
43328 | 3
40257 | 3
41933 | 3
41721 | 3
41772 | 3
41863 | 3
41712 | 4
42166 | 4
41386 | 3
41969 | 3
41535 | 3
41841 | 2
41886 | 3
41838 | 3
41721 | 3
41735 | 3
41779 | 3
49643 | 3
33863 | 4
41880 | 3
41775 | 2
41982 | 3
45958 | 3
37468 | 3
41808 | 3
41801 | 3
41728 | 3
41797 | 3
41854 | 3
41862 | 3
41717 | 3
41764 | 3
41764 | 2
41842 | 4
41687 | 2
41827 | 4
41870 | 3
41843 | 3
41713 | 3
41801 | 3
42231 | 3
41300 | 3
41776 | 3
41767 | 3
41811 | 3
41946 | 3
41654 | 3
42349 | 3
41241 | 4
43331 | 3
40218 | 3
41766 | 3
41829 | 4
41924 | 3
41736 | 3
41783 | 3
41729 | 3
41773 | 4
41861 | 3
41713 | 3
41797 | 3
41956 | 3
41674 | 2
41826 | 4
41730 | 3
41793 | 3
41758 | 3
41744 | 3
41829 | 4
41847 | 4
41845 | 4
45271 | 2
38273 | 3
41729 | 3
41806 | 3
41789 | 3
41764 | 3
41844 | 3
41709 | 3
41916 | 3
41769 | 3
41780 | 4
41701 | 2
41819 | 4
41807 | 3
41841 | 3
41854 | 2
41515 | 3
41764 | 3
41802 | 3
41880 | 3
41817 | 4
43289 | 3
40323 | 4
41653 | 3
41863 | 3
41804 | 3
41966 | 3
43107 | 4
40230 | 3
41759 | 3
41848 | 4
41728 | 2
41827 | 3
41746 | 3
41822 | 4
41707 | 4
42097 | 3
41670 | 3
41820 | 3
41728 | 2
41793 | 3
42182 | 3
41407 | 4
41753 | 3
41793 | 3
42296 | 3
42567 | 4
40452 | 4
41784 | 3
45451 | 4
38141 | 4
41783 | 2
44093 | 4
39477 | 3
41825 | 2
42321 | 3
41176 | 3
41936 | 3
41838 | 3
41705 | 3
41822 | 3
41798 | 3
41838 | 3
41744 | 2
41766 | 3
41811 | 2
41763 | 3
41800 | 4
41913 | 3
41603 | 3
43514 | 4
40060 | 3
41754 | 3
41826 | 3
41794 | 3
41785 | 3
43328 | 3
40349 | 4
41972 | 3
41619 | 2
41778 | 3
41775 | 3
41775 | 3
41837 | 5
41777 | 3
41845 | 4
41727 | 2
41722 | 4
41794 | 3
41781 | 3
41775 | 3
41810 | 2
41803 | 4
41768 | 3
43086 | 3
40606 | 4
41741 | 2
42682 | 7
47940 | 3
34786 | 3
41784 | 3
41764 | 3
41841 | 3
41680 | 4
41951 | 3
41655 | 3
41757 | 3
41801 | 3
41818 | 4
41765 | 3
41839 | 3
41725 | 3
41775 | 3
41819 | 3
41720 | 3
41960 | 4
41788 | 3
41763 | 3
41857 | 3
43416 | 3
40059 | 3
41758 | 3
41865 | 4
41793 | 3
41751 | 3
43380 | 4
40252 | 2
41725 | 3
42825 | 3
40722 | 3
41813 | 3
42271 | 2
41306 | 4
41762 | 4
48085 | 3
35598 | 3
41767 | 3
41828 | 4
42010 | 4
41590 | 3
41752 | 3
41857 | 3
41827 | 4
42041 | 3
41357 | 3
41747 | 3
41920 | 3
45945 | 3
37422 | 3
41897 | 3
41871 | 3
41748 | 3
41745 | 3
41903 | 3
41776 | 3
41805 | 3
41801 | 3
41936 | 4
41717 | 3
41710 | 3
41807 | 3
41777 | 2
41782 | 3
41789 | 3
41710 | 3
41807 | 4
43219 | 3
40372 | 3
43398 | 3
40149 | 3
42015 | 4
41557 | 3
41965 | 3
41708 | 3
43323 | 3
41331 | 3
40746 | 3
41785 | 3
41774 | 3
41732 | 3
41851 | 2
41741 | 3
41843 | 3
41810 | 3
41681 | 3
41799 | 3
41755 | 3
41879 | 3
41759 | 3
42104 | 7
41565 | 5
41630 | 2
41929 | 4
41803 | 4
41744 | 3
41814 | 3
45454 | 2
38115 | 4
41841 | 3
41724 | 3
41848 | 3
41705 | 3
41743 | 3
41759 | 3
41934 | 4
41699 | 3
41863 | 3
41674 | 3
41849 | 4
41863 | 3
42275 | 4
41345 | 3
41762 | 4
41802 | 3
41838 | 2
41750 | 3
42839 | 3
40657 | 3
41840 | 3
42653 | 3
41153 | 3
41496 | 2
41788 | 4
43407 | 2
40138 | 3
41867 | 3
41739 | 3
44289 | 3
39835 | 2
41234 | 3
41980 | 3
41726 | 2
41878 | 3
41675 | 4
41777 | 3
41850 | 3
41721 | 3
41827 | 3
41846 | 4
41711 | 3
42331 | 3
41169 | 3
41813 | 3
41726 | 3
41836 | 3
45426 | 3
38288 | 3
41667 | 4
41770 | 3
41792 | 3
41892 | 3
41889 | 3
41651 | 3
41817 | 3
41858 | 3
41751 | 4
41792 | 2
41728 | 4
41861 | 4
41724 | 3
41756 | 3
41781 | 3
41830 | 3
41746 | 4
41758 | 3
41812 | 3
41826 | 3
41774 | 3
43250 | 4
40405 | 3
41847 | 3
41749 | 2
43247 | 3
40324 | 3
41788 | 3
41710 | 3
41868 | 3
41853 | 4
41730 | 3
41721 | 4
41778 | 3
41928 | 3
41662 | 3
41801 | 3
41772 | 3
41769 | 3
41866 | 3
41711 | 3
41902 | 4
41582 | 3
41868 | 3
41784 | 3
41807 | 4
41786 | 3
45673 | 3
37994 | 3
43402 | 3
40117 | 3
43832 | 4
46773 | 3
40235 | 3
36266 | 3
41855 | 3
41793 | 3
41755 | 3
41852 | 3
41761 | 2
41874 | 4
41775 | 3
41875 | 3
41790 | 3
41731 | 3
41717 | 3
41869 | 3
41854 | 2
41705 | 3
41795 | 3
41715 | 3
41848 | 3
41756 | 3
41775 | 3
43451 | 3
40110 | 3
41855 | 3
41700 | 3
41808 | 3
41850 | 3
41646 | 3
41985 | 3
41776 | 3
42016 | 5
41609 | 3
41718 | 3
41802 | 3
41898 | 4
41714 | 3
41724 | 3
41746 | 3
41760 | 3
41814 | 3
41817 | 3
41721 | 2
41872 | 4
43626 | 3
40329 | 3
41404 | 3
41836 | 3
41776 | 3
41819 | 4
41785 | 3
41829 | 3
41820 | 3
41736 | 3
41718 | 3
41877 | 4
41782 | 3
41817 | 3
41671 | 4
41869 | 3
41673 | 3
41842 | 3
41825 | 2
41714 | 4
41859 | 4
41745 | 3
41910 | 3
41844 | 2
41722 | 4
41780 | 3
41782 | 2
43300 | 3
40227 | 3
41895 | 3
41891 | 2
41687 | 4
41696 | 4
41781 | 4
41811 | 4
41768 | 3
42003 | 3
41550 | 3
41810 | 3
41948 | 3
41630 | 3
41888 | 2
41793 | 4
41760 | 2
41810 | 4
41783 | 3
41788 | 3
41810 | 3
41763 | 3
45457 | 3
39076 | 4
40802 | 3
41753 | 3
41790 | 3
41808 | 3
41863 | 3
41657 | 3
41844 | 3
41809 | 3
41788 | 4
41927 | 3
41731 | 3
41759 | 3
41854 | 3
41627 | 4
41794 | 3
41841 | 3
41766 | 3
41763 | 3
41781 | 3
41824 | 3
41879 | 3
41743 | 3
41763 | 3
41763 | 3
41832 | 3
43367 | 3
40131 | 3
41895 | 2
41807 | 4
41842 | 4
41683 | 3
41818 | 2
41913 | 3
41665 | 3
42012 | 4
41604 | 3
41944 | 5
41678 | 3
41739 | 3
41728 | 3
41810 | 3
41818 | 3
41698 | 3
41830 | 3
41816 | 3
41750 | 3
41836 | 3
45501 | 3
38599 | 4
41287 | 3
41801 | 3
41822 | 3
41891 | 2
41703 | 3
41797 | 3
41787 | 3
41792 | 3
41759 | 3
41792 | 4
41747 | 3
41841 | 3
41687 | 3
41894 | 3
41727 | 3
41777 | 3
41787 | 3
42032 | 3
42179 | 3
41399 | 3
41660 | 3
41765 | 3
41796 | 3
41790 | 3
41836 | 3
43428 | 3
40294 | 4
41833 | 4
41675 | 2
41808 | 3
41756 | 3
41714 | 4
41840 | 4
41838 | 3
41989 | 4
41756 | 3
41666 | 3
41768 | 4
41751 | 3
41821 | 4
41666 | 3
41827 | 3
41849 | 3
41774 | 2
41914 | 3
41699 | 3
41846 | 3
45459 | 3
38056 | 3
41750 | 3
41879 | 3
41807 | 3
41718 | 3
41845 | 3
41769 | 3
41781 | 4
41838 | 3
41769 | 4
41744 | 3
41843 | 4
41758 | 4
41765 | 3
41798 | 3
41861 | 3
41797 | 3
41818 | 3
41726 | 3
41817 | 4
43447 | 2
40055 | 3
41789 | 3
41821 | 3
41888 | 3
41741 | 2
43346 | 4
40838 | 3
41184 | 3
41735 | 3
41790 | 3
41797 | 3
41764 | 3
41963 | 3
41633 | 3
42064 | 3
41610 | 4
41763 | 3
41755 | 2
41776 | 3
41771 | 4
41773 | 3
41706 | 2
41822 | 4
41937 | 3
41604 | 2
41953 | 3
41674 | 3
43003 | 3
40643 | 4
41680 | 3
41845 | 3
41719 | 3
41786 | 3
41843 | 2
41892 | 4
41790 | 4
41798 | 3
41591 | 4
41870 | 2
41676 | 4
41897 | 3
41670 | 4
41876 | 3
41675 | 3
41964 | 3
41756 | 3
41878 | 3
41702 | 3
41741 | 3
41926 | 3
41612 | 3
41787 | 3
41742 | 3
41890 | 3
43500 | 2
41347 | 3
40630 | 3
41768 | 3
41800 | 3
41795 | 3
41837 | 4
41745 | 4
41803 | 3
41932 | 4
41544 | 4
41832 | 3
41627 | 3
43369 | 3
40190 | 3
41823 | 4
41810 | 4
41791 | 3
41862 | 3
41761 | 3
41779 | 2
41822 | 3
45629 | 3
37953 | 3
41845 | 3
41672 | 3
41818 | 3
41830 | 3
41737 | 3
41816 | 2
41854 | 3
41887 | 3
41879 | 3
41665 | 3
41785 | 3
41785 | 2
41777 | 3
41821 | 3
41702 | 3
41800 | 3
41829 | 3
41725 | 3
41834 | 3
41773 | 2
41770 | 4
41835 | 3
41857 | 3
41762 | 3
41763 | 3
43442 | 3
40605 | 2
41307 | 4
41768 | 3
41802 | 3
41717 | 3
41876 | 3
41846 | 4
41710 | 2
42115 | 4
41987 | 3
41356 | 3
41809 | 3
41794 | 3
41833 | 3
41777 | 3
41688 | 3
41755 | 3
41814 | 3
41767 | 3
41815 | 3
41697 | 3
41852 | 3
41966 | 3
41714 | 3
41853 | 3
41739 | 3
41733 | 3
41938 | 3
41706 | 4
41737 | 3
41824 | 2
41700 | 4
41811 | 4
41760 | 3
41792 | 3
41779 | 3
41777 | 3
41851 | 3
41879 | 3
41706 | 3
41772 | 3
41867 | 3
41732 | 4
41767 | 3
41752 | 3
41830 | 3
41860 | 3
41643 | 3
43561 | 3
40017 | 3
42060 | 3
41660 | 3
41839 | 4
41756 | 4
41838 | 3
41812 | 4
41657 | 3
42017 | 2
42232 | 3
41263 | 3
42155 | 3
41293 | 4
41758 | 3
41931 | 3
41558 | 2
41957 | 3
41782 | 4
41821 | 4
41705 | 2
41776 | 3
45642 | 2
37982 | 3
41768 | 3
41759 | 3
41782 | 3
41733 | 3
42765 | 3
40889 | 4
41759 | 3
41831 | 3
41798 | 3
41783 | 4
41883 | 3
41735 | 3
41824 | 4
41704 | 2
41800 | 3
41785 | 3
41745 | 3
41813 | 3
41732 | 2
41836 | 3
41878 | 3
41862 | 3
41831 | 3
41737 | 2
41804 | 3
43464 | 3
40078 | 3
41758 | 3
41753 | 2
41859 | 4
41788 | 3
41703 | 3
41807 | 4
41776 | 3
42132 | 3
41559 | 3
41832 | 3
41803 | 3
41753 | 2
41765 | 3
41752 | 3
41787 | 3
41775 | 3
41757 | 3
41794 | 3
42251 | 3
42291 | 2
44648 | 4
39021 | 2
40852 | 3
41830 | 3
41713 | 3
42313 | 3
42770 | 2
40329 | 3
41659 | 3
41815 | 3
42156 | 4
41415 | 4
41784 | 3
41855 | 3
41698 | 3
41921 | 3
41751 | 3
41836 | 3
41728 | 3
41740 | 3
41810 | 3
41759 | 3
41802 | 4
41878 | 3
41721 | 3
41706 | 2
41771 | 3
43538 | 3
40017 | 3
41818 | 3
41905 | 3
41838 | 3
41738 | 3
41755 | 3
41804 | 4
41845 | 4
41807 | 3
41829 | 4
41598 | 4
41890 | 3
41682 | 3
42110 | 3
41541 | 4
41924 | 3
41688 | 3
41864 | 3
41712 | 3
41771 | 3
41821 | 3
45735 | 2
37790 | 4
41762 | 3
41853 | 3
41813 | 3
41716 | 3
41760 | 3
41795 | 3
41891 | 4
41792 | 3
41789 | 3
41778 | 4
41794 | 3
41774 | 3
41789 | 3
41782 | 3
41714 | 3
41859 | 2
41798 | 3
41806 | 3
41999 | 3
41650 | 3
41873 | 2
41782 | 3
41789 | 3
41751 | 2
41792 | 4
43425 | 2
40173 | 3
41747 | 3
41784 | 4
41755 | 3
41752 | 3
42304 | 3
41466 | 3
41739 | 3
41827 | 5
41726 | 3
41882 | 4
41705 | 3
41803 | 3
41776 | 3
41739 | 2
41759 | 3
41865 | 3
41728 | 3
41776 | 3
41751 | 3
41808 | 3
45709 | 3
38037 | 3
41760 | 4
41793 | 3
41684 | 4
41926 | 3
41753 | 3
41662 | 4
41823 | 2
41867 | 4
41758 | 4
41690 | 3
41848 | 3
41897 | 2
41743 | 3
41837 | 3
41627 | 3
42068 | 3
41596 | 2
41841 | 4
41739 | 4
43648 | 2
39968 | 3
41674 | 2
41870 | 4
41798 | 3
41729 | 3
43537 | 3
40168 | 3
41868 | 4
41712 | 3
41758 | 3
41818 | 2
42856 | 4
40709 | 4
41712 | 3
42218 | 3
41394 | 3
41769 | 3
41825 | 3
41776 | 3
41937 | 3
41712 | 2
41840 | 3
41759 | 4
41781 | 3
41789 | 3
41773 | 3
41812 | 3
45585 | 4
37901 | 3
41806 | 3
41793 | 3
41784 | 3
41767 | 4
41926 | 3
41736 | 3
41893 | 3
41724 | 3
41787 | 4
41732 | 2
41806 | 3
41746 | 3
41817 | 3
41742 | 4
42039 | 3
41511 | 2
41767 | 3
41765 | 3
41935 | 3
41753 | 2
41817 | 3
41827 | 3
41791 | 3
41760 | 4
41791 | 3
43521 | 3
40007 | 3
41712 | 3
41883 | 3
41821 | 3
41835 | 4
42227 | 3
41343 | 3
41824 | 3
41728 | 3
41811 | 3
41804 | 3
41741 | 3
41877 | 4
41686 | 3
41775 | 3
41780 | 3
41789 | 2
41774 | 3
41798 | 3
41746 | 3
42002 | 3
45546 | 3
37990 | 4
41777 | 3
41839 | 2
41769 | 4
41706 | 3
41751 | 3
41829 | 3
41807 | 3
41777 | 3
41776 | 2
41811 | 3
41850 | 3
41924 | 3
41639 | 3
41772 | 2
41741 | 3
41813 | 3
41841 | 3
41766 | 3
41760 | 2
41821 | 4
41664 | 4
41835 | 2
41863 | 3
41774 | 3
41859 | 3
43377 | 3
40157 | 3
41908 | 3
41648 | 3
41854 | 4
41785 | 3
41736 | 3
41796 | 3
41754 | 3
41792 | 4
41857 | 4
41731 | 3
41790 | 4
41720 | 2
41953 | 3
41759 | 3
41810 | 3
41783 | 3
41854 | 2
41739 | 3
41691 | 3
41752 | 3
43834 | 3
39835 | 3
41807 | 3
41662 | 3
41925 | 3
41817 | 3
42141 | 2
41438 | 4
41790 | 4
41789 | 3
41800 | 3
42393 | 3
41319 | 3
41708 | 3
41802 | 3
41796 | 3
41866 | 2
41796 | 4
41775 | 3
41677 | 3
41905 | 4
41707 | 3
41758 | 3
41934 | 4
41797 | 3
41774 | 4
41753 | 3
43450 | 3
40055 | 3
41942 | 3
41750 | 3
41784 | 3
41755 | 3
41748 | 3
41820 | 3
41770 | 3
41777 | 3
41886 | 4
41853 | 3
41687 | 3
41755 | 3
41776 | 3
41807 | 3
41796 | 3
41871 | 3
41762 | 3
41753 | 4
41740 | 3
41822 | 3
45564 | 3
38082 | 3
41743 | 3
41839 | 3
41747 | 4
41761 | 3
41796 | 3
41734 | 2
41855 | 3
41866 | 3
41752 | 3
43150 | 3
40374 | 3
41752 | 4
41801 | 3
41796 | 3
41808 | 3
41873 | 3
41707 | 4
41792 | 3
41838 | 3
41665 | 4
41839 | 2
41866 | 4
41824 | 3
41728 | 3
41789 | 3
43479 | 3
40049 | 3
41804 | 3
41862 | 3
41850 | 2
41640 | 3
41775 | 3
41765 | 3
41854 | 3
41937 | 3
41687 | 3
41718 | 3
41914 | 4
41728 | 3
41745 | 3
41752 | 2
41793 | 4
41931 | 3
41775 | 3
41762 | 3
41793 | 2
41898 | 3
45611 | 4
37929 | 3
41730 | 3
41610 | 3
41765 | 4
41685 | 3
41852 | 3
41868 | 4
41891 | 2
41780 | 3
41723 | 3
42256 | 3
41415 | 3
41868 | 3
41990 | 3
41408 | 3
41736 | 3
41807 | 3
41833 | 3
41721 | 3
41828 | 3
41700 | 2
41935 | 4
41709 | 2
42083 | 4
41597 | 3
41600 | 3
43602 | 2
40094 | 4
41777 | 3
41880 | 3
41779 | 3
41701 | 2
41871 | 3
41795 | 3
41752 | 3
41745 | 3
41767 | 3
42146 | 2
41465 | 3
41710 | 3
41793 | 3
41845 | 3
41807 | 3
41910 | 3
41864 | 3
41781 | 3
41745 | 3
42622 | 3
44745 | 3
38041 | 3
41690 | 2
41793 | 4
41744 | 2
41778 | 4
41806 | 3
41756 | 3
41720 | 3
41770 | 3
41862 | 4
41842 | 3
41729 | 3
41784 | 3
41754 | 3
41776 | 4
41806 | 3
41906 | 3
41795 | 3
41881 | 3
41687 | 3
43621 | 3
40037 | 3
41789 | 3
41807 | 3
41700 | 4
41864 | 3
44461 | 3
39032 | 2
41704 | 3
41814 | 3
41949 | 3
41629 | 3
41859 | 2
41813 | 4
41765 | 3
41679 | 3
42071 | 3
42686 | 3
40712 | 3
41901 | 3
41766 | 3
41782 | 3
42057 | 2
41513 | 3
42454 | 3
41243 | 3
41808 | 3
41714 | 3
50225 | 3
33224 | 3
42344 | 3
41671 | 3
41810 | 3
45119 | 3
38453 | 3
41435 | 3
41801 | 3
41848 | 4
41731 | 3
41818 | 4
41736 | 3
41928 | 3
41664 | 3
41856 | 3
41721 | 4
41765 | 3
41765 | 3
41745 | 3
41943 | 3
41773 | 3
41737 | 3
41713 | 3
41794 | 3
41863 | 3
41747 | 3
43607 | 3
40022 | 3
41962 | 3
41672 | 3
41765 | 3
41818 | 3
42059 | 3
41506 | 4
41752 | 3
41823 | 3
41819 | 3
42216 | 3
41298 | 4
41797 | 2
41784 | 3
41790 | 3
41724 | 3
41827 | 3
41894 | 3
41696 | 3
41758 | 4
41958 | 3
45633 | 3
37906 | 3
41717 | 3
41888 | 3
41827 | 3
41734 | 3
41690 | 2
41869 | 3
41767 | 3
41789 | 3
41760 | 3
41747 | 2
41878 | 4
41704 | 4
41785 | 3
41814 | 3
41800 | 3
42330 | 4
41360 | 3
42217 | 3
41787 | 3
41308 | 3
41858 | 4
41993 | 3
41835 | 3
41516 | 3
41718 | 3
44259 | 3
39367 | 3
41741 | 2
41768 | 3
41806 | 3
41721 | 3
41938 | 3
41641 | 3
41866 | 3
41809 | 3
41882 | 4
41736 | 3
41828 | 3
41821 | 3
41697 | 3
41831 | 3
41770 | 3
41850 | 3
42202 | 3
41308 | 2
41824 | 3
41742 | 3
45554 | 3
38048 | 3237
39213 | 5
41104 | 4
41750 | 3
41798 | 3
41832 | 3
41739 | 2
42365 | 3
41174 | 3
42458 | 5
41642 | 3
41793 | 3
41439 | 3
42166 | 4
41326 | 3
42248 | 3
41742 | 3
42043 | 4
41841 | 2
41107 | 4
41766 | 3
41860 | 3
41630 | 4
42317 | 3
41277 | 2
41846 | 3
44005 | 3
39654 | 4
42284 | 3
41317 | 3
42196 | 3
41344 | 2
42040 | 3
41913 | 4
41505 | 2
41726 | 5
42340 | 3
41210 | 4
41743 | 3
41742 | 3
41790 | 3
41843 | 3
42403 | 3
41143 | 3
41823 | 3
41762 | 4
42217 | 3
41333 | 3
45741 | 3
38027 | 3
41816 | 3
41656 | 3
41873 | 3
41738 | 3
41774 | 3
41769 | 4
41781 | 3
41797 | 3
41906 | 3
41678 | 3
41712 | 3
41819 | 3
41821 | 4
41754 | 4
43003 | 3
40569 | 2
41817 | 3
41924 | 4
41634 | 3
43458 | 3
40251 | 3
41815 | 2
41727 | 4
42119 | 3
41495 | 3
43521 | 3
40037 | 4
41764 | 4
41767 | 3
41791 | 3
41811 | 3
41799 | 2
41830 | 4
41726 | 3
41803 | 3
41715 | 3
41853 | 3
42301 | 2
41388 | 3
41790 | 3
41787 | 3
41750 | 3
41800 | 3
41789 | 3
41789 | 3
41794 | 3
41771 | 3
45616 | 4
39740 | 4
41012 | 3
40837 | 3
42632 | 3
40832 | 3
41804 | 3
41787 | 3
41779 | 3
42141 | 2
41566 | 4
41744 | 3
41789 | 4
41761 | 3
41813 | 3
41795 | 3
42205 | 3
41383 | 3
41782 | 4
41751 | 3
41804 | 3
41886 | 3
41669 | 3
41801 | 3
41757 | 3
41816 | 4
41760 | 3
43523 | 3
41520 | 3
40494 | 4
41590 | 3
41929 | 3
41804 | 2
41776 | 2
41915 | 4
41672 | 3
44669 | 6
39176 | 4
41785 | 2
41532 | 3
42275 | 3
41239 | 3
41720 | 3
41880 | 3
41700 | 3
41853 | 4
41713 | 3
41831 | 3
41739 | 3
45795 | 4
37804 | 3
41950 | 4
41699 | 3
41878 | 3
41734 | 3
41903 | 3
42022 | 3
41504 | 3
41811 | 3
41766 | 4
41716 | 3
41782 | 4
41772 | 3
41881 | 3
41701 | 2
41788 | 4
41841 | 3
41723 | 3
41807 | 3
41792 | 3
41747 | 4
42007 | 3
42051 | 3
41858 | 3
41318 | 3
41860 | 3
43604 | 3
40302 | 2
41384 | 4
41838 | 3
42090 | 4
41424 | 4
41826 | 2
41721 | 4
41763 | 3
42802 | 3
40957 | 3
42245 | 4
41861 | 3
41497 | 3
43085 | 3
40088 | 3
43191 | 3
42673 | 3
41191 | 2
40223 | 3
42254 | 4
41320 | 3
45625 | 3
37997 | 2
42704 | 3
41440 | 3
41899 | 3
41491 | 2
41847 | 4
41816 | 3
41919 | 3
41354 | 3
42226 | 3
41679 | 3
41755 | 4
41687 | 3
41480 | 3
41795 | 3
41771 | 3
41791 | 3
41746 | 3
41865 | 2
42167 | 4
41939 | 2
41506 | 3
41458 | 3
41774 | 3
41767 | 4
41832 | 3
44255 | 3
39338 | 3
42160 | 2
41985 | 3
41609 | 3
41443 | 3
41798 | 4
41802 | 3
41738 | 3
41986 | 3
41654 | 4
41779 | 4
41707 | 3
41805 | 2
41789 | 3
41820 | 4
43184 | 3
40542 | 3
41547 | 3
41848 | 4
41781 | 4
41777 | 4
45843 | 3
37764 | 3
41714 | 2
41832 | 4
41894 | 3
41815 | 4
41804 | 3
41780 | 3
41873 | 4
41801 | 3
41701 | 3
41893 | 3
41861 | 3
41726 | 4
41728 | 3
41822 | 3
41717 | 3
41904 | 2
45401 | 3
38120 | 3
41716 | 3
43844 | 3
39750 | 3
41785 | 3
41889 | 3
41754 | 3
41692 | 2
43622 | 3
39984 | 3
41821 | 3
41865 | 3
41625 | 3
41923 | 3
41955 | 4
41659 | 4
41716 | 3
41765 | 4
41772 | 2
41801 | 4
41765 | 3
42035 | 3
41717 | 3
41709 | 2
42302 | 4
41237 | 4
41809 | 3
41806 | 3
41799 | 4
42055 | 3
45557 | 3
37717 | 3
41858 | 3
41862 | 3
41730 | 3
41777 | 3
41714 | 3
41749 | 3
41842 | 3
41704 | 4
41884 | 4
41945 | 3
41786 | 3
41698 | 3
41801 | 3
41780 | 3
41793 | 2
41849 | 3
41654 | 3
41850 | 3
41797 | 3
42094 | 3
41632 | 3
41692 | 3
41850 | 3
41685 | 3
41728 | 3
41853 | 3
41755 | 2
41784 | 3
41783 | 4
41909 | 4
41669 | 3
41919 | 3
41901 | 4
41612 | 3
41763 | 3
41778 | 2
41785 | 3
41793 | 3
41845 | 2
41690 | 3
41891 | 2
41916 | 3
41647 | 3
41771 | 3
41661 | 4
41798 | 3
42810 | 3
44592 | 3
37886 | 3
41722 | 3
41822 | 3
41796 | 2
41957 | 4
41744 | 3
41826 | 3
41917 | 7
41702 | 4
41939 | 4
41635 | 3
41718 | 4
41752 | 2
41817 | 3
41821 | 3
41713 | 3
41769 | 3
41842 | 3
41800 | 4
41669 | 4
42903 | 3
40858 | 3
41787 | 3
41721 | 3
41821 | 4
41793 | 3
43596 | 3
39967 | 2
41790 | 3
41750 | 3
41985 | 4
41602 | 3
41828 | 3
41755 | 3
41789 | 3
41770 | 3
41767 | 4
41900 | 3
41849 | 3
41706 | 4
41822 | 3
41790 | 3
41799 | 3
41731 | 2
41823 | 3
41758 | 3
41837 | 3
41720 | 3
44013 | 3
39510 | 3
41851 | 3
41757 | 3
41833 | 3
41684 | 3
41987 | 3
41753 | 3
41790 | 3
41773 | 4
41799 | 4
41770 | 4
41781 | 3
41738 | 3
41814 | 3
41757 | 3
41870 | 3
41728 | 3
41816 | 3
41852 | 3
41734 | 3
42238 | 3
41425 | 3
42193 | 3
41666 | 3
41510 | 2
41945 | 4
45563 | 3
38464 | 2
41957 | 3
41348 | 3
42033 | 3
42105 | 4
40972 | 2
41589 | 4
41785 | 3
41852 | 3
41779 | 3
42283 | 3
41373 | 3
41820 | 3
41802 | 3
43198 | 3
40337 | 2
41838 | 3
41748 | 3
41823 | 3
41988 | 3
41462 | 3
45690 | 3
38914 | 3
40828 | 4
41770 | 3
41745 | 3
41843 | 3
41890 | 3
41745 | 4
41790 | 3
42153 | 3
41467 | 4
41789 | 3
42060 | 4
41602 | 3
41650 | 3
41755 | 3
41745 | 3
41872 | 3
41723 | 3
41784 | 3
41835 | 3
44280 | 2
39289 | 3
41740 | 3
41945 | 30
41707 | 4
41846 | 3
43597 | 3
39985 | 4
41921 | 3
41671 | 3
41743 | 3
41742 | 3
41818 | 3
41773 | 4
41760 | 2
41783 | 3
41881 | 4
41885 | 3
41594 | 3
41930 | 2
41715 | 3
41847 | 3
41793 | 4
41744 | 3
41867 | 3
41694 | 2
41775 | 3
42388 | 3
45123 | 3
37837 | 2
41752 | 3
41812 | 3
41886 | 4
41714 | 2
41795 | 4
41743 | 3
41906 | 3
41819 | 3
41788 | 3
41777 | 3
41836 | 3
41761 | 3
41766 | 3
41782 | 3
41706 | 3
41869 | 3
41677 | 3
41786 | 3
41788 | 3
42260 | 3
41306 | 2
41790 | 4
41800 | 3
41894 | 3
41844 | 3
41836 | 3
41719 | 4
41702 | 3
41868 | 3
42163 | 3
41352 | 2
41775 | 3
41801 | 3
42281 | 3
42197 | 3
40858 | 4
43248 | 4
46314 | 3
36758 | 3
41333 | 3
41620 | 3
42205 | 3
41432 | 3
41646 | 3
42115 | 3
42127 | 3
41833 | 3
47520 | 3
35722 | 3
41720 | 3
41856 | 3
41252 | 3
41788 | 3
41842 | 4
41718 | 3
42006 | 3
41812 | 4
41689 | 3
41729 | 3
41829 | 3
41793 | 3
41806 | 4
41721 | 3
41811 | 3
41789 | 4
41702 | 3
41794 | 3
41838 | 3
41763 | 3
41743 | 3
41832 | 2
41769 | 3
41856 | 3
41798 | 3
43765 | 3
39858 | 3
41884 | 4
41648 | 3
41780 | 2
41864 | 4
41799 | 2
41667 | 3
41775 | 3
41829 | 3
41819 | 4
41718 | 2
41844 | 3
41989 | 4
41765 | 3
41687 | 4
41791 | 2
41821 | 3
41815 | 3
41697 | 3
41867 | 3
42177 | 3
45267 | 3
37834 | 3
41758 | 3
41746 | 3
41813 | 3
41760 | 4
41849 | 3
41790 | 3
41858 | 3
41679 | 3
41876 | 4
41837 | 3
41865 | 4
41678 | 3
41840 | 2
41761 | 4
41848 | 3
41738 | 3
41713 | 3
41778 | 2
41803 | 3
43519 | 3
40171 | 2
41656 | 3
41973 | 3
41622 | 3
41992 | 4
43554 | 3
39948 | 3
41862 | 2
41710 | 3
41770 | 3
41858 | 3
41763 | 3
41727 | 2
41715 | 3
41820 | 4
41814 | 3
41907 | 2
41599 | 3
41853 | 3
41770 | 3
41920 | 4
41781 | 3
41674 | 3
41845 | 4
41847 | 3
41760 | 2
41863 | 3
45545 | 3
37968 | 3
41737 | 3
41763 | 4
41752 | 3
41895 | 4
41749 | 3
41782 | 4
41743 | 3
41975 | 2
41780 | 4
41692 | 4
41826 | 3
41785 | 2
41830 | 3
41889 | 3
41628 | 3
41771 | 3
41825 | 3
41724 | 3
41851 | 3
41730 | 3
41828 | 3
41772 | 3
41805 | 3
41773 | 2
42600 | 3
43006 | 4
39879 | 3
41840 | 3
41752 | 2
41820 | 3
41685 | 3
41865 | 3
41693 | 4
41803 | 2
41757 | 3
41799 | 3
41740 | 2
41855 | 3
41809 | 4
41715 | 3
41761 | 3
41993 | 3
41772 | 2
41695 | 4
41802 | 3
41872 | 3
41752 | 3
43875 | 3
39720 | 3
41787 | 4
41775 | 3
41664 | 3
41820 | 4
41863 | 3
41749 | 3
41761 | 3
41818 | 3
41783 | 3
41889 | 3
41763 | 3
41824 | 3
41850 | 3
41745 | 4
41777 | 4
41709 | 3
41787 | 3
41839 | 2
41735 | 3
41723 | 3
41918 | 3
41696 | 3
41777 | 3
41769 | 3
43327 | 3
42292 | 3
39747 | 3
41958 | 2
41819 | 4
41785 | 3
41697 | 3
41838 | 3
41815 | 3
41777 | 4
41760 | 2
41760 | 4
41841 | 3
41729 | 3
41778 | 3
41745 | 3
41737 | 4
41879 | 3
41737 | 3
41958 | 3
41761 | 2
41675 | 3
42005 | 6
45637 | 3
37892 | 2
41804 | 4
41679 | 3
41767 | 3
48621 | 3
34955 | 3
41725 | 2
41849 | 4
41784 | 3
41733 | 4
41987 | 4
41738 | 2
41908 | 3
41673 | 3
41832 | 3
41729 | 3
41734 | 3
41860 | 3
41783 | 4
41774 | 3
41793 | 4
41804 | 3
41696 | 3
41806 | 2
41810 | 3
41768 | 3
43971 | 2
39639 | 3
41771 | 3
41841 | 2
41798 | 3
41769 | 3
41859 | 3
41712 | 4
41825 | 2
41771 | 5
41883 | 4
41689 | 3
41784 | 3
41712 | 3
41843 | 2
41763 | 3
41848 | 3
41723 | 3
41864 | 2
41867 | 3
41754 | 4
41786 | 3
45952 | 3
37826 | 3
41625 | 3
41860 | 3
42294 | 4
41306 | 3
41792 | 3
41708 | 3
41835 | 2
41800 | 3
41947 | 4
41526 | 3
42017 | 3
41736 | 3
41788 | 3
41672 | 3
41783 | 3
41813 | 3
41763 | 2
42860 | 4
40925 | 3
42117 | 3
42233 | 3
40959 | 3
41811 | 3
42087 | 3
41406 | 3
46330 | 3
37276 | 3
42000 | 3
41675 | 4
41672 | 3
41792 | 3
41783 | 3
41752 | 4
41922 | 3
41759 | 3
41751 | 3
41863 | 2
41724 | 4
41792 | 3
41716 | 3
41852 | 4
41760 | 3
41757 | 4
41800 | 3
41803 | 3
41869 | 3
41772 | 4
45849 | 3
38465 | 4
41043 | 3
41950 | 3
43182 | 3
41069 | 3
40963 | 3
41804 | 3
42308 | 3
41222 | 3
41770 | 4
41900 | 3
41825 | 3
41822 | 3
41680 | 3
41845 | 3
41682 | 3
41798 | 3
41752 | 3
41938 | 3
41938 | 3
41625 | 3
41771 | 2
41802 | 3
41839 | 6
41689 | 4
41814 | 3
43778 | 4
39862 | 3
41878 | 3
41668 | 4
41807 | 3
41742 | 2
41775 | 3
41767 | 3
41791 | 3
41746 | 3
41981 | 3
41650 | 3
41887 | 3
41571 | 4
41776 | 3
41838 | 5
41711 | 2
41827 | 3
42024 | 4
41492 | 3
41928 | 3
41797 | 3
45751 | 3
37768 | 3
41796 | 3
41760 | 4
42283 | 3
41321 | 3
41828 | 3
41760 | 3
41812 | 3
41700 | 3
41748 | 3
41807 | 3
41850 | 3
41673 | 3
41835 | 3
41785 | 3
41809 | 3
41947 | 3
41587 | 3
41939 | 3
41719 | 3
41794 | 3
41916 | 3
41692 | 3
41761 | 4
41828 | 2
41839 | 3
43797 | 3
39879 | 3
41580 | 3
41714 | 3
41854 | 4
41743 | 3
41846 | 2
41752 | 5
41794 | 3
41755 | 3
41818 | 4
42014 | 2
41647 | 3
42199 | 3
41365 | 3
42102 | 3
41722 | 3
42809 | 4
40886 | 2
42192 | 4
41369 | 3
41712 | 2
47360 | 3
36594 | 3
42137 | 4
41409 | 3
41574 | 2
44434 | 3
38694 | 2
42174 | 4
41488 | 3
42174 | 3
41846 | 3
41784 | 3
41373 | 3819
38095 | 6
41793 | 3
42441 | 4
40923 | 3
41787 | 4
41774 | 3
41780 | 3
42253 | 3
41364 | 2
41789 | 4
42340 | 3
41284 | 5
41826 | 4
41811 | 3
43830 | 3
39707 | 3
43016 | 3
41627 | 3
42785 | 2
40165 | 4
41578 | 2
41581 | 4
41729 | 3
42106 | 4
41874 | 4
41440 | 3
42122 | 3
41827 | 4
41758 | 2
42113 | 3
41424 | 3
41618 | 3
41718 | 3
41808 | 3
41765 | 4
41836 | 3
46059 | 3
37491 | 3
41755 | 3
41770 | 3
42036 | 3
41465 | 2
41794 | 3
42171 | 2
41479 | 4
41709 | 3
42321 | 2
41862 | 3
41660 | 3
41463 | 4
41781 | 3
41881 | 3
41941 | 3
41823 | 2
41489 | 4
41854 | 3
41769 | 2
41871 | 3
41687 | 3
41789 | 3
41868 | 4
41706 | 3
41805 | 3
43864 | 2
39840 | 3
41768 | 3
41678 | 3
43081 | 3
40471 | 3
41838 | 3
42722 | 4
40912 | 4
41787 | 4
41710 | 3
41803 | 4
41734 | 3
41782 | 3
41776 | 3
41813 | 3
41773 | 3
41872 | 4
41766 | 3
41800 | 2
41856 | 3
41774 | 3
45913 | 3
37713 | 3
41838 | 2
41884 | 3
41622 | 3
41820 | 3
41755 | 2
41743 | 3
42091 | 3
42573 | 3
40696 | 3
41826 | 3
41887 | 3
41712 | 3
41715 | 3
41834 | 3
41731 | 3
42360 | 3
41301 | 3
41860 | 3
41757 | 3
43666 | 3
39885 | 3
41890 | 3
41738 | 3
41721 | 3
41729 | 3
43854 | 3
40265 | 3
41187 | 3
41779 | 4
41818 | 3
41785 | 3
41788 | 3
41845 | 3
41791 | 4
41825 | 3
41797 | 3
41763 | 2
41800 | 3
41785 | 3
42117 | 3
41552 | 6
41877 | 3
41711 | 3
41926 | 3
41787 | 3
41519 | 4
44452 | 2
45823 | 3
35285 | 3
41877 | 4
41858 | 3
41633 | 3
43742 | 3
40089 | 3
41558 | 4
42011 | 3
42624 | 2
40891 | 4
41584 | 3
41721 | 3
50425 | 3
33290 | 3
47086 | 3
36859 | 3
41673 | 3
41477 | 2
41597 | 3
42428 | 4
41428 | 3
41891 | 3
41805 | 3
41607 | 3
41764 | 3
41774 | 3
43764 | 2
39836 | 4
41798 | 3
41717 | 3
41807 | 2
41700 | 3
41894 | 3
41698 | 3
41818 | 3
41692 | 4
41824 | 3
41913 | 3
41933 | 3
41530 | 3
41963 | 3
42051 | 3
41486 | 3
41918 | 2
41646 | 4
41799 | 3
41802 | 3
41769 | 2
45872 | 3
37714 | 3
41714 | 3
41888 | 2
41798 | 3
41696 | 3
41800 | 3
41754 | 3
41862 | 3
42669 | 3
40996 | 5
41861 | 3
41706 | 3
41809 | 3
41736 | 3
41781 | 3
41792 | 4
41837 | 4
41718 | 3
41854 | 2
41700 | 3
41833 | 3
41748 | 3
41804 | 3
41894 | 3
41693 | 3
41735 | 3
43913 | 3
39831 | 2
41792 | 3
41683 | 2
41838 | 3
41843 | 4
41797 | 2
41834 | 4
41716 | 3
41758 | 4
41723 | 3
41783 | 3
41805 | 3
41868 | 3
41803 | 3
41776 | 3
41707 | 3
41845 | 3
41892 | 3
41698 | 3
41821 | 3
41834 | 3
45752 | 3
37742 | 2
41867 | 3
41776 | 4
41783 | 3
41759 | 2
41774 | 3
41794 | 4
41869 | 3
43223 | 3
40277 | 3
41794 | 3
41740 | 4
41811 | 3
41877 | 4
41787 | 3
41831 | 2
41790 | 4
41821 | 3
41696 | 3
41925 | 3
43598 | 3
39862 | 3
41763 | 2
41768 | 4
41721 | 3
41842 | 3
43767 | 3
39771 | 3
41887 | 3
41670 | 3
41839 | 3
41798 | 3
41852 | 3
41932 | 3
41803 | 3
41651 | 3
41846 | 3
41784 | 4
41666 | 3
41797 | 3
41759 | 3
41823 | 3
41802 | 3
41771 | 3
43493 | 3
40075 | 3
41759 | 3
41829 | 3
45932 | 3
37639 | 3
41923 | 3
41822 | 3
41683 | 3
41833 | 3
41805 | 2
42010 | 3
41531 | 3
41789 | 3
41831 | 4
41724 | 3
41800 | 3
41812 | 3
41740 | 3
41780 | 3
41715 | 3
41851 | 3
41728 | 4
41832 | 3
41760 | 3
41941 | 3
41795 | 3
41730 | 3
41752 | 29
41867 | 2
41890 | 3
43601 | 3
39999 | 3
41598 | 3
41764 | 3
41869 | 3
41788 | 2
41729 | 4
41882 | 4
41622 | 3
42391 | 4
41175 | 3
41827 | 3
41893 | 3
41846 | 3
41702 | 3
41883 | 3
41717 | 4
41845 | 3
42194 | 3
41511 | 3
41654 | 2
42514 | 3
46749 | 3
35964 | 3
42248 | 4
41399 | 3
41929 | 3
44250 | 4
39198 | 3
41976 | 3
41521 | 3
41923 | 4
42082 | 4
41649 | 3
41866 | 4
41713 | 3
41702 | 4
41758 | 2
41746 | 3
41741 | 3
41847 | 3
41714 | 3
41865 | 3
41713 | 4
41834 | 3
41743 | 2
41842 | 3
41738 | 3
41916 | 2
43772 | 3
39820 | 3
41741 | 3
41914 | 4
41736 | 3
41791 | 3
41769 | 2
41763 | 4
41739 | 4
42999 | 3
40590 | 4
41806 | 2
41784 | 3
41801 | 4
41741 | 3
42076 | 3
41719 | 3
41820 | 3
41753 | 3
41752 | 3
41759 | 3
41824 | 3
45911 | 3
37700 | 3
41982 | 3
41633 | 3
41730 | 2
41790 | 3
41810 | 3
41836 | 2
41722 | 3
41933 | 3
41762 | 3
41724 | 3
41837 | 2
41747 | 3
41705 | 2
41835 | 3
41779 | 4
41912 | 3
41658 | 3
41761 | 3
41884 | 3
41807 | 3
41750 | 4
41751 | 3
41778 | 3
41944 | 3
41705 | 3
43872 | 3
39629 | 3
42056 | 3
41686 | 4
41707 | 3
41739 | 3
41835 | 3
42076 | 3
41425 | 4
42309 | 5
41434 | 3
41896 | 3
41596 | 3
41785 | 3
41779 | 3
41827 | 3
41708 | 3
41825 | 3
41749 | 3
41928 | 3
41728 | 3
41782 | 3
45955 | 3
37649 | 3
41759 | 3
41827 | 2
41721 | 3
41912 | 3
41932 | 3
41572 | 3
41911 | 3
41722 | 3
41720 | 3
41880 | 3
41733 | 3
41717 | 3
41938 | 3
41845 | 3
41633 | 3
41806 | 3
41821 | 3
41822 | 3
41687 | 4
41887 | 3
41749 | 3
41866 | 2
41660 | 3
41825 | 3
41912 | 3
43801 | 3
39645 | 3
41851 | 4
41780 | 3
41969 | 3
41567 | 3
41661 | 3
41760 | 3
41882 | 3
41657 | 3
41897 | 4
41759 | 2
41828 | 3
41797 | 3
41750 | 3
41850 | 3
41822 | 3
41726 | 2
41701 | 3
41825 | 3
41780 | 3
41748 | 2
46007 | 3
37566 | 3
41839 | 3
41991 | 3
41530 | 3
42045 | 3
41639 | 3
41837 | 3
41774 | 3
41911 | 3
41731 | 2
41681 | 4
41797 | 4
41716 | 3
42625 | 2
40950 | 3
41852 | 3
41829 | 4
41762 | 4
41717 | 2
41937 | 3
41787 | 3
41805 | 3
41730 | 3
41861 | 3
41769 | 3
41805 | 3
43720 | 3
39816 | 3
41729 | 3
41745 | 3
41813 | 3
41811 | 3
41796 | 3
41831 | 3
41792 | 3
41728 | 3
41892 | 4
41811 | 4
41759 | 3
41880 | 2
41703 | 3
41803 | 3
41728 | 3
41852 | 3
41906 | 3
41574 | 2
41739 | 4
41935 | 3
45875 | 3
37657 | 3
41966 | 3
41632 | 3
41844 | 3
41736 | 3
41846 | 3
41762 | 3
41834 | 3
41743 | 3
41764 | 3
41877 | 3
41818 | 3
41641 | 3
43188 | 3
40426 | 3
41767 | 3
41782 | 3
41744 | 3
41874 | 3
41826 | 3
41664 | 3
41880 | 3
41783 | 3
41799 | 4
41834 | 3
41800 | 3
43888 | 4
39793 | 3
41689 | 3
41726 | 3
41733 | 3
41843 | 3
41803 | 4
41792 | 3
41842 | 3
41678 | 3
41931 | 3
41794 | 3
41788 | 3
41722 | 4
41835 | 3
41772 | 2
41766 | 3
41861 | 3
41731 | 3
41737 | 3
41805 | 3
41720 | 3
46074 | 3
37545 | 3
41811 | 3
41761 | 3
41776 | 3
41903 | 2
41859 | 4
41741 | 2
41771 | 3
41886 | 3
41774 | 4
41712 | 3
41734 | 3
41805 | 3
41809 | 4
41763 | 3
41697 | 3
41885 | 3
41700 | 4
41846 | 3
41737 | 3
42073 | 3
41712 | 3
41728 | 2
41777 | 3
41816 | 3
41807 | 3
44020 | 2
40272 | 3
40989 | 3
42518 | 3
41117 | 4
41698 | 4
41793 | 3
41774 | 4
41848 | 3
41745 | 2
41831 | 4
42016 | 3
41658 | 3
41793 | 3
41975 | 2
41568 | 3
41846 | 3
41724 | 3
41805 | 3
41833 | 3
41734 | 3
41687 | 3
46057 | 4
37586 | 3
41740 | 3
42194 | 3
41357 | 2
41930 | 4
41806 | 3
41732 | 3
41816 | 3
41851 | 2
41769 | 4
41768 | 4
41739 | 3
41915 | 3
41810 | 6
41651 | 4
41709 | 4
41862 | 4
41799 | 3
41753 | 3
41814 | 3
41837 | 3
41835 | 3
41803 | 4
41786 | 2
41731 | 3
41888 | 4
43797 | 3
39692 | 3
41901 | 3
41692 | 3
41740 | 3
41715 | 3
41832 | 3
41831 | 2
41825 | 4
41718 | 3
41816 | 3
41727 | 2
41948 | 3
41735 | 3
42699 | 2
40855 | 3
41815 | 4
41822 | 2
41812 | 3
41706 | 3
41797 | 2
41783 | 3
45984 | 3
37511 | 3
41909 | 4
41679 | 2
41863 | 3
41768 | 4
41764 | 3
41967 | 3
41763 | 3
41755 | 3
41799 | 3
41729 | 4
41890 | 3
41691 | 3
41831 | 3
41778 | 3
41732 | 3
41853 | 3
41696 | 3
41814 | 3
41694 | 3
41845 | 3
41855 | 3
41917 | 3
41771 | 2
41709 | 3
41871 | 4
43832 | 3
39959 | 3
41502 | 4
41789 | 2
41851 | 4
41717 | 3
41837 | 3
41741 | 3
41787 | 3
41783 | 3
42167 | 3
41461 | 3
41754 | 4
41922 | 3
42079 | 3
41366 | 3
41861 | 3
41755 | 3
41843 | 2
41824 | 4
41718 | 3
41735 | 3
46070 | 3
37497 | 3
41766 | 4
41773 | 3
41785 | 3
41946 | 3
41689 | 2
41718 | 4
41939 | 4
41853 | 3
41847 | 3
41848 | 5
41644 | 4
41752 | 3
41836 | 4
41686 | 3
41817 | 2
41795 | 4
41620 | 3
41788 | 3
41946 | 3
41781 | 2
41823 | 3
41652 | 3
41999 | 3
41769 | 3
41816 | 2
43960 | 3
39485 | 4
41944 | 3
41752 | 4
41998 | 2
62225 | 3
21036 | 3
42101 | 4
41447 | 3
41879 | 3
41651 | 4
42281 | 3
41971 | 3
42376 | 3
40525 | 3
41927 | 3
41843 | 4
41682 | 3
41790 | 3
42055 | 3
41517 | 3
41811 | 3
41763 | 3
41754 | 2
41986 | 3
41542 | 3
41855 | 3
42640 | 3
40873 | 3
41797 | 3
41779 | 3
42021 | 3
41699 | 3
41766 | 3
41883 | 3
41690 | 3
42073 | 3
41570 | 3
41971 | 3
41595 | 3
41843 | 4
42314 | 4
41669 | 3
41368 | 3
42174 | 2
41744 | 3
41890 | 3
41628 | 3
41710 | 3
47714 | 3
35718 | 3
42131 | 3
41551 | 3
41719 | 3
43048 | 3
40660 | 3
42205 | 4
41931 | 3
41604 | 5
41673 | 3
41279 | 3
41710 | 4
42100 | 3
41826 | 3
41811 | 3
41839 | 3
41476 | 4
41876 | 3
41905 | 3
41673 | 3
42156 | 4
45492 | 3
37643 | 3
41714 | 2
41911 | 3
43173 | 3
41943 | 3
40936 | 3
41743 | 4
41204 | 3
42773 | 3
40818 | 4
42404 | 3
41616 | 3
41215 | 3
41740 | 3
42065 | 3
41547 | 3
41929 | 4
41644 | 3
43011 | 3
40578 | 3
41847 | 3
41685 | 3
42020 | 6
41608 | 4
41854 | 3
41716 | 3
44062 | 3
39666 | 3
41919 | 3
41518 | 3
41895 | 3
41774 | 3
41791 | 2
41843 | 4
41670 | 4
41875 | 5
41725 | 4
41808 | 4
41709 | 3
41821 | 3
41810 | 3
41734 | 3
41945 | 3
41755 | 4
41740 | 3
41858 | 4
41731 | 3
41942 | 4
45881 | 3
37563 | 3
41792 | 3
41749 | 3
41855 | 4
41799 | 4
41734 | 3
41702 | 3
41930 | 4
41865 | 3
41790 | 4
41691 | 3
41736 | 3
41755 | 3
41810 | 3
41780 | 4
41804 | 3
41779 | 3
41821 | 3
41735 | 3
42566 | 4
40972 | 3
41845 | 4
41747 | 2
42169 | 3
41848 | 4
41999 | 3
47507 | 3
35749 | 3
42029 | 3
41299 | 4
42545 | 4
41009 | 3
42488 | 3
41231 | 3
41681 | 3
41939 | 3
42239 | 4
41668 | 3
42053 | 3
41413 | 3
41895 | 3
41820 | 2
41642 | 3
41584 | 3
42141 | 3
41683 | 3
41755 | 3
41556 | 4
47715 | 2
35953 | 3
42044 | 3
41499 | 3
42139 | 3
41940 | 3
41240 | 3
41918 | 3
41816 | 2
41780 | 3
41801 | 3
41726 | 3
41766 | 3
41782 | 3
41837 | 3
41715 | 3
41758 | 3
41890 | 3
41834 | 3
41856 | 2
41637 | 3
41844 | 3
41728 | 4
41730 | 2
42093 | 4
41523 | 2
41935 | 3
44116 | 3
39814 | 3
41328 | 3
41825 | 3
41822 | 3
41700 | 3
41769 | 3
41967 | 3
41784 | 3
41746 | 3
41694 | 3
41839 | 3
41823 | 2
41760 | 3
41891 | 3
41792 | 3
41750 | 3
41735 | 3
41821 | 2
42605 | 3
40943 | 4
41741 | 3
46208 | 3
37482 | 3
41809 | 3
41724 | 3
41799 | 3
42155 | 3
41452 | 27
41875 | 3
41729 | 3
41815 | 3
41753 | 3
41739 | 3
41818 | 4
41661 | 3
41764 | 3
41914 | 3
41757 | 2
42053 | 4
41578 | 3
41809 | 3
41777 | 3
41806 | 2
41688 | 3
41863 | 4
41717 | 4
41774 | 3
41884 | 3
43763 | 3
39811 | 3
41677 | 3
41782 | 3
41826 | 3
41769 | 3
41778 | 3
41749 | 3
41946 | 3
41657 | 3
41800 | 3
41728 | 3
41800 | 3
41791 | 3
41799 | 2
41802 | 3
41824 | 3
41810 | 3
41692 | 2
43260 | 3
40411 | 3
41970 | 3
45810 | 3
37640 | 3
41982 | 2
41554 | 3
41757 | 3
41939 | 3
41622 | 3
41789 | 3
41771 | 4
41764 | 3
41763 | 3
41883 | 3
41769 | 3
41800 | 4
41682 | 3
42509 | 3
41301 | 3
41737 | 3
41579 | 3
42074 | 3
41710 | 3
41812 | 3
41773 | 2
41744 | 3
41864 | 3
41811 | 3
41740 | 3
43875 | 3
39585 | 3
41919 | 3
41662 | 3
41737 | 3
41839 | 3
41784 | 3
41839 | 4
41742 | 3
41748 | 4
41851 | 3
41864 | 4
41868 | 4
41709 | 3
41860 | 3
41727 | 3
41871 | 3
41696 | 3
41711 | 3
41803 | 3
41966 | 3
41953 | 3
41411 | 3
41781 | 3
41934 | 3
41665 | 3
42112 | 3
41834 | 3
41739 | 4
41661 | 3
41556 | 3
42099 | 3
41654 | 4
41712 | 3
41816 | 3
41798 | 3
41836 | 4
42691 | 3
41102 | 2
43577 | 3
40388 | 3
41636 | 3
42715 | 3
40285 | 4
42168 | 2
41922 | 4
43135 | 4
40362 | 3
41767 | 3
46851 | 2
36535 | 3
41746 | 3
41854 | 3
41648 | 3
41869 | 2
42022 | 3
41621 | 4
41934 | 3
41783 | 3
42094 | 3
41986 | 3
41989 | 4
41186 | 4
41547 | 3
42368 | 3
41165 | 3
41955 | 3
41760 | 3
41704 | 3
42203 | 3
41519 | 4
41584 | 3
41928 | 3
42132 | 3
41288 | 3
41883 | 3
45218 | 3
38480 | 3
42291 | 3
41326 | 3
41929 | 3
42466 | 4
41000 | 4
41964 | 4
41722 | 3
41293 | 3
41837 | 3
41729 | 3
41924 | 3
41853 | 4
41953 | 3
42091 | 3
41685 | 2
41822 | 3
41670 | 3151
40676 | 5
39798 | 3
42193 | 3
45803 | 3
37696 | 2
41026 | 3
41761 | 3
41765 | 3
41816 | 3
41811 | 3
41816 | 3
41794 | 3
41712 | 3
41882 | 3
42542 | 3
41088 | 3
41810 | 4
41753 | 3
41854 | 3
41871 | 3
41948 | 4
41529 | 3
41765 | 4
41651 | 3
42951 | 2
45180 | 3
37324 | 3
41759 | 3
42273 | 3
41381 | 3
42005 | 3
41449 | 4
42191 | 3
41472 | 3
42109 | 3
41532 | 3
41868 | 3
43948 | 4
39535 | 3
41851 | 3
41899 | 3
41891 | 4
41861 | 3
41721 | 4
41580 | 3
42192 | 3
41627 | 3
42046 | 3
41198 | 3
42614 | 3
40882 | 3
41958 | 4
45183 | 3
38388 | 3
41713 | 3
41885 | 4
42226 | 3
41311 | 3
41996 | 3
41774 | 3
44205 | 3
40110 | 3
40969 | 3
42095 | 3
41236 | 3
41953 | 3
41726 | 3
41764 | 4
41961 | 3
41807 | 4
41535 | 3
41903 | 4
41811 | 4
41749 | 3
41916 | 3
41673 | 3
41781 | 3
42238 | 3
41331 | 3
42038 | 3
41508 | 3
41800 | 3
42228 | 3
41372 | 3
42329 | 4
41267 | 3
41729 | 4
42266 | 3
41703 | 3
41544 | 3
41938 | 3
41613 | 3
41893 | 3
41757 | 3
41722 | 3
41815 | 3
41738 | 3
41796 | 3
41920 | 3
41648 | 4
41798 | 2
44109 | 3
39371 | 3
41843 | 4
41825 | 3
41750 | 3
41814 | 3
41779 | 2
41767 | 3
41892 | 4
41905 | 3
41679 | 4
41730 | 4
41889 | 3
42097 | 3
41381 | 3
42064 | 3
41822 | 3
41484 | 3
42498 | 3
41155 | 3
41661 | 4
41800 | 4
41833 | 2
41745 | 3
42578 | 3
41330 | 4
41761 | 3
42061 | 3
41366 | 3
41798 | 2
41936 | 3
41979 | 3
41577 | 3
41926 | 5
41926 | 3
41539 | 3
41560 | 3
41787 | 3
41763 | 4
41782 | 3
41744 | 4
41952 | 3
41626 | 3
41906 | 3
41885 | 3
41746 | 3
41857 | 4
41736 | 3
41866 | 3
44026 | 3
39595 | 3
41887 | 3
41473 | 3
41807 | 3
41850 | 3
41842 | 4
41672 | 3
41711 | 2
41807 | 5
41993 | 3
41574 | 4
41781 | 3
42492 | 3
41083 | 4
42124 | 3
42157 | 4
41261 | 3
41899 | 3
41749 | 3
41683 | 2
41819 | 3
41793 | 4
41721 | 3
43057 | 3
40569 | 3
41767 | 3
41951 | 4
41587 | 2
42003 | 3
41639 | 3
41775 | 3
41747 | 3
41866 | 4
41769 | 3
41898 | 2
41674 | 3
41844 | 3
41831 | 3
41785 | 3
41694 | 3
42011 | 3
41568 | 3
42006 | 3
41599 | 3
41730 | 3
41763 | 3
41805 | 3
41855 | 3
45038 | 3
38511 | 4
41742 | 3
41913 | 3
41887 | 3
41559 | 3
42122 | 4
41710 | 4
41753 | 3
42357 | 3
41496 | 3
41424 | 3
42062 | 3
41622 | 3
41690 | 3
41988 | 2
42030 | 3
41272 | 3
41997 | 3
41797 | 2
41653 | 4
41702 | 3
47411 | 3
36099 | 3
41876 | 3
41932 | 3
41903 | 2
41781 | 3
41714 | 3
42125 | 3
41350 | 3
41889 | 3
42014 | 3
41580 | 4
41663 | 3
41823 | 3
41770 | 3
41854 | 3
41794 | 3
41680 | 3
41783 | 2
41900 | 3
41688 | 4
41776 | 2
41885 | 3
41842 | 3
41894 | 2
41665 | 3
41777 | 4
43979 | 3
39668 | 3
41863 | 3
41662 | 3
41728 | 3
41901 | 3
41614 | 3
41937 | 3
41849 | 3
41614 | 3
41842 | 3
41777 | 3
41780 | 2
41722 | 3
41759 | 3
42026 | 2
41789 | 3
41725 | 3
41811 | 3
41803 | 3
41747 | 3
41847 | 3
46298 | 3
37255 | 3
41733 | 3
41696 | 3
41850 | 2
42488 | 3
41127 | 3
41723 | 3
41902 | 3
41759 | 3
41770 | 4
41869 | 3
41780 | 3
41840 | 4
41748 | 3
41774 | 2
41804 | 3
41755 | 3
41760 | 3
41859 | 3
41755 | 3
41855 | 3
41724 | 3
41828 | 3
41719 | 3
41824 | 3
41726 | 3
44191 | 3
39579 | 2
42548 | 4
41023 | 3
41790 | 3
41777 | 3
41790 | 3
41771 | 4
41861 | 3
41813 | 4
41812 | 3
41702 | 3
41843 | 3
42251 | 3
41270 | 4
41784 | 3
41807 | 3
41822 | 3
41908 | 3
41715 | 3
41782 | 3
41807 | 3
41751 | 2
41730 | 3
41804 | 3
41810 | 3
41843 | 3
41939 | 3
42158 | 3
41309 | 3
41766 | 3
41810 | 3
41750 | 3
41830 | 3
41726 | 4
41811 | 3
41911 | 3
41771 | 4
41685 | 2
41806 | 3
41814 | 3
41747 | 3
41795 | 3
43539 | 3
40037 | 4
41836 | 3
41708 | 3
41887 | 3
41826 | 3
43868 | 3
39648 | 4
43312 | 3
40193 | 2
41833 | 3
41731 | 3
41846 | 3
41887 | 3
41637 | 4
41893 | 3
41842 | 3
41705 | 4
41757 | 3
41757 | 3
41912 | 3
41741 | 3
41779 | 3
41734 | 3
41756 | 3
41965 | 3
41720 | 4
41882 | 4
41708 | 3
41705 | 3
41876 | 2
42562 | 3
41275 | 3
41718 | 3
42035 | 2
41278 | 3
41876 | 3
41819 | 3
41695 | 3
41799 | 4
41834 | 3
41736 | 3
42411 | 3
41096 | 3
42212 | 3
41501 | 3
42256 | 3
41681 | 3
41375 | 3
44570 | 3
39308 | 3
41317 | 4
41777 | 4
41808 | 3
41907 | 2
44012 | 3
39632 | 3
41795 | 3
41835 | 3
41688 | 3
41694 | 3
41889 | 3
41706 | 3
41891 | 2
41642 | 4
41891 | 4
41754 | 3
41719 | 3
41909 | 3
41803 | 2
41899 | 3
41646 | 3
41790 | 3
42210 | 3
41396 | 3
41729 | 3
41864 | 4
41728 | 3
41772 | 3
41765 | 2
41806 | 3
42143 | 3
41671 | 4
41650 | 3
42355 | 3
41371 | 3
41631 | 3
42577 | 4
41011 | 4
41829 | 3
41676 | 2
41769 | 3
41832 | 3
41735 | 3
43450 | 3
40421 | 2
41722 | 3
41710 | 2
43866 | 3
39675 | 3
41898 | 3
41747 | 4
41703 | 3
41720 | 3
44259 | 3
39382 | 2
41744 | 3
41759 | 3
41879 | 3
41748 | 3
41902 | 2
41764 | 3
41791 | 3
41774 | 3
41821 | 3
41737 | 3
41736 | 4
41849 | 3
41772 | 3
41773 | 3
41713 | 3
41865 | 3
41749 | 4
41841 | 3
41792 | 3
41954 | 3
41734 | 3
41764 | 3
41702 | 3
41880 | 3
41742 | 3
41971 | 3
41512 | 3
42977 | 3
40594 | 3
41893 | 4
41713 | 4
41960 | 3
41740 | 2
41860 | 4
41680 | 4
41937 | 3
41765 | 3
41711 | 3
41718 | 3
41882 | 3
41748 | 3
41794 | 3
41715 | 3
41841 | 3
41747 | 3
41897 | 3
42832 | 3
42897 | 3
39710 | 3
41757 | 3
41774 | 3
41705 | 3
41753 | 3
41773 | 3
41756 | 2
41784 | 3
41854 | 3
41823 | 3
41728 | 3
41880 | 2
41809 | 3
41797 | 3
41920 | 3
41603 | 4
41836 | 3
41735 | 3
41795 | 3
41705 | 3
41732 | 3
41892 | 3
41758 | 3
41763 | 3
42246 | 3
41482 | 2
42059 | 4
41497 | 3
42224 | 3
41379 | 3
41869 | 4
41850 | 4
41597 | 3
41794 | 4
41886 | 3
41660 | 2
41873 | 3
41685 | 3
41943 | 3
41808 | 3
42138 | 3
41434 | 3
41785 | 3
41749 | 3
41807 | 2
41927 | 3
41600 | 2
42543 | 3
43431 | 3
39273 | 3
42477 | 4
41155 | 3
41751 | 3
42363 | 3
41343 | 3
41848 | 3
41791 | 3
41707 | 3
41782 | 3
41867 | 3
41714 | 2
41724 | 3
41750 | 4
41853 | 3
41813 | 3
41739 | 3
41846 | 2
41879 | 4
41827 | 4
41688 | 3
41955 | 3
41627 | 3
41914 | 3
41940 | 3
41533 | 3
44464 | 3
39158 | 4
42108 | 3
41473 | 3
41676 | 3
44979 | 4
38721 | 2
41882 | 3
41731 | 2
41759 | 3
41884 | 3
41737 | 3
41713 | 3
41806 | 4
42449 | 2
41100 | 3
41775 | 3
41842 | 3
41834 | 3
42165 | 3
41657 | 4
41483 | 3
45389 | 3
38366 | 2
41847 | 3
41526 | 3
41845 | 3
41822 | 3
41687 | 4
42529 | 4
41154 | 4
41757 | 2
41798 | 3
41865 | 3
41730 | 3
41776 | 3
41788 | 2
41789 | 3
41798 | 3
41833 | 3
41781 | 2
41666 | 3
41996 | 4
41818 | 3
41930 | 3
41439 | 3
41744 | 3
41970 | 3
41788 | 3
41976 | 4
41667 | 2
41730 | 3
41786 | 3
41754 | 3
41769 | 3
41776 | 2
41690 | 3
41832 | 3
41725 | 3
41800 | 2
41887 | 3
41675 | 3
41930 | 3
41957 | 3
41644 | 3
41841 | 4
41666 | 3
41814 | 3
41792 | 3
41723 | 3
41859 | 2
44223 | 3
39338 | 4
41716 | 4
41815 | 3
42310 | 3
42457 | 3
40722 | 3
43116 | 4
40679 | 3
41666 | 5
41989 | 3
41463 | 3
41775 | 2
41789 | 4
41799 | 2
41766 | 3
42520 | 3
41638 | 3
41344 | 2
42030 | 4
41479 | 3
41885 | 3
41693 | 4
41907 | 3
41707 | 4
41730 | 3
41828 | 4
42111 | 4
41460 | 3
41742 | 3
41815 | 2
41978 | 4
41674 | 3
41832 | 3
41715 | 3
41800 | 3
41892 | 3
41726 | 3
41803 | 3
41654 | 3
41784 | 3
42193 | 3
41466 | 3
41719 | 3
41788 | 3
41772 | 2
42023 | 4
41792 | 3
41796 | 4
43924 | 3
39577 | 3
42288 | 3
41769 | 3
41391 | 2
43897 | 3
39439 | 2
42960 | 4
40752 | 4
42246 | 3
41161 | 3
42033 | 3
41729 | 3
41866 | 3
41698 | 3
41949 | 4
41644 | 2
41757 | 3
41715 | 3
41804 | 3
41850 | 3
41778 | 3
41773 | 3
41945 | 3
41842 | 3
41723 | 3
41717 | 3
42026 | 3
41810 | 3
41716 | 2
41580 | 3
41792 | 3
41763 | 4
42266 | 3
41692 | 3
41460 | 3
41720 | 3
41763 | 3
41771 | 3
41970 | 3
41862 | 3
41897 | 3
41577 | 3
43788 | 3
39845 | 3
41699 | 2
41813 | 5
41703 | 4
43666 | 4
42359 | 3
39359 | 3
41978 | 3
42017 | 3
41687 | 3
41620 | 3
41708 | 3
41831 | 3
41845 | 3
41667 | 3
41821 | 3
41760 | 3
41776 | 3
41750 | 3
41772 | 3
41851 | 3
41758 | 4
41982 | 2
41722 | 3
41815 | 3
41723 | 3
41850 | 3
41769 | 2
41776 | 3
41736 | 4
41832 | 4
42100 | 2
41814 | 3
41393 | 3
41777 | 3
41926 | 3
41794 | 3
41743 | 3
41897 | 3
42601 | 3
40954 | 3
41682 | 3
41786 | 3
41748 | 3
41830 | 3
41723 | 3
42007 | 4
41554 | 2
43745 | 4
39846 | 3
41940 | 3
41712 | 4
41841 | 3
41752 | 3
44068 | 3
39585 | 3
41778 | 3
41706 | 3
41766 | 3
41930 | 3
41690 | 3
41746 | 3
41848 | 2
41843 | 3
41891 | 4
41729 | 3
41700 | 3
41818 | 2
41769 | 3
41773 | 4
41779 | 3
41854 | 3
41638 | 3
41856 | 3
41754 | 3
41816 | 3
41864 | 3
41825 | 3
41790 | 3
41808 | 3
41735 | 2
42030 | 4
41584 | 3
41725 | 3
41863 | 3
41801 | 3
41711 | 4
41813 | 2
42281 | 3
41244 | 3
41963 | 3
41723 | 2
41808 | 3
41762 | 3
41803 | 3
41934 | 3
41624 | 3
43590 | 3
39957 | 3
41946 | 3
41821 | 3
41709 | 3
41776 | 29
44218 | 3
39384 | 3
41796 | 3
42185 | 3
41429 | 2
41769 | 3
41735 | 3
41860 | 4
41866 | 3
41689 | 3
41820 | 4
41632 | 3
41936 | 3
41699 | 3
41915 | 3
41793 | 3
41759 | 2
41743 | 3
41811 | 3
41900 | 3
41791 | 3
41880 | 4
41671 | 3
41766 | 2
41803 | 3
41742 | 3
41801 | 4
42038 | 3
41876 | 3
41496 | 3
41755 | 3
41734 | 3
41796 | 3
41750 | 4
41797 | 3
41939 | 3
41742 | 3
41717 | 2
41833 | 3
41822 | 5
41744 | 4
42044 | 3
41636 | 3
42140 | 3
41336 | 3
41813 | 3
41700 | 3
41959 | 3
41759 | 4
44399 | 2
39234 | 3
41762 | 3
41710 | 4
41769 | 3
41735 | 4
41780 | 3
41989 | 4
41701 | 3
41828 | 5
42157 | 3
41643 | 3
42685 | 3
40684 | 2
41784 | 3
41799 | 2
41700 | 3
41864 | 3
41674 | 3
41834 | 3
41810 | 3
41842 | 4
46325 | 3
37257 | 3
41710 | 4
41742 | 2
41773 | 4
42134 | 4
41534 | 3
41817 | 3
41820 | 3
41751 | 3
41707 | 3
41933 | 3
41759 | 3
41815 | 2
41525 | 3
41908 | 4
41926 | 3
41643 | 3
41728 | 3
42124 | 3
41475 | 3
43651 | 3
39963 | 3
41811 | 2
41793 | 4
41764 | 3
41736 | 3
44243 | 3
39347 | 2
41814 | 3
41718 | 3
41829 | 4
41847 | 3
41700 | 3
41752 | 4
41922 | 3
41838 | 3
41793 | 2
41756 | 3
42955 | 4
40627 | 3
41815 | 3
41794 | 3
41748 | 3
41763 | 3
41766 | 3
41787 | 3
41827 | 3
44275 | 3
39275 | 3
41792 | 3
41774 | 3
41839 | 4
41758 | 3
42141 | 4
41529 | 3
41700 | 3
41838 | 3
41819 | 2
41791 | 4
41786 | 3
41751 | 3
41794 | 3
41832 | 3
41742 | 4
41741 | 3
41778 | 3
41775 | 3
42201 | 3
41326 | 3
41874 | 3
41815 | 3
41791 | 3
41735 | 3
41919 | 3
41757 | 3
44086 | 3
39484 | 3
41913 | 4
41698 | 3
41786 | 3
41707 | 3
41883 | 3
41807 | 3
41778 | 3
41674 | 3
41914 | 3
41699 | 3
42332 | 3
41181 | 3
41852 | 2
41793 | 3
41795 | 2
41742 | 3
41731 | 3
42044 | 3
41723 | 4
41779 | 3
41844 | 3
41708 | 3
41870 | 3
41787 | 3
41732 | 3
42005 | 4
41579 | 3
41743 | 3
41711 | 3
41850 | 4
41827 | 3
41771 | 3
41795 | 3
41731 | 3
41876 | 3
41677 | 3
41947 | 3
42154 | 4
41436 | 3
42323 | 3
41282 | 3
41777 | 3
41805 | 3
41784 | 3
41743 | 3
41756 | 3
41796 | 3
44238 | 3
39362 | 3
41679 | 3
41862 | 3
41708 | 3
41877 | 3
41736 | 2
41878 | 5
41742 | 3
41742 | 3
41903 | 4
41771 | 2
41784 | 3
41861 | 3
41749 | 3
41751 | 3
41887 | 3
41738 | 4
41788 | 4
41743 | 3
50195 | 3
33359 | 3
41830 | 3
41783 | 2
41730 | 4
41754 | 3
41859 | 3
42234 | 3
41380 | 3
41688 | 4
41961 | 3
41825 | 3
41775 | 3
41839 | 3
41707 | 4
41780 | 3
41778 | 3
41770 | 3
41791 | 3
42607 | 3
40906 | 2
41772 | 3
41868 | 3
41771 | 3
41780 | 3
41801 | 3
41759 | 3
41845 | 3
41757 | 3
44218 | 3
39471 | 3
41826 | 2
41736 | 4
41802 | 3
41794 | 3
41688 | 3
41859 | 3
41755 | 3
41845 | 2
41751 | 3
41707 | 3
41777 | 3
41897 | 3
41680 | 3
41868 | 3
41761 | 3
41767 | 3
41702 | 2
41914 | 4
41704 | 3
42026 | 3
41652 | 3
41858 | 3
41724 | 3
41837 | 3
41840 | 3
41974 | 3
41517 | 3
41848 | 2
41731 | 3
41798 | 3
41769 | 3
41794 | 3
41726 | 2
41908 | 3
41737 | 3
41781 | 3
41749 | 3
43248 | 2
40301 | 3
42279 | 3
41482 | 3
41822 | 3
41755 | 3
41760 | 3
41803 | 2
41801 | 3
41809 | 3
44021 | 2
39476 | 3
41782 | 3
41875 | 3
41698 | 3
41776 | 3
41812 | 3
41818 | 4
42106 | 2
41415 | 4
41953 | 6
41608 | 4
41908 | 3
41732 | 2
41783 | 3
41923 | 3
41709 | 3
41804 | 4
41708 | 3
41813 | 3
41788 | 3
41781 | 3
41829 | 4
41785 | 2
41805 | 3
41721 | 3
42178 | 3
41973 | 3
41257 | 3
41700 | 3
41909 | 3
41874 | 4
41729 | 4
41781 | 2
41768 | 4
41858 | 3
41729 | 3
41761 | 3
41844 | 3
41850 | 2
41785 | 3
41698 | 3
41747 | 3
41734 | 3
41894 | 2
41771 | 3
41800 | 3
41701 | 3
41827 | 3
44901 | 3
38644 | 2
41969 | 3
41764 | 3
41745 | 3
41876 | 3
41741 | 2
41804 | 4
41790 | 3
41741 | 2
41850 | 3
41760 | 3
41859 | 3
41659 | 3
41787 | 4
41792 | 4
41783 | 2
42172 | 3
41302 | 3
41774 | 3
41846 | 3
41804 | 3
41997 | 3
41575 | 3
42035 | 2
41678 | 3
41718 | 3
43022 | 4
40630 | 4
41723 | 2
42527 | 4
41029 | 3
41779 | 3
41916 | 4
41896 | 4
41491 | 3
41901 | 2
41718 | 3
42024 | 3
41731 | 3
41728 | 3
42368 | 26
41300 | 5
41842 | 3
41609 | 3
41855 | 4
41675 | 3
42339 | 3
41766 | 3
44058 | 3
39120 | 2
41636 | 3
42223 | 3
41369 | 3
41847 | 2
41679 | 3
41780 | 4
41828 | 3
41788 | 3
42344 | 3
41314 | 3
41890 | 3
41617 | 4
42182 | 3
41626 | 3
41614 | 3
43272 | 3
40888 | 3
41837 | 3
41157 | 3
42691 | 3
40896 | 3
41964 | 4
41585 | 3
41976 | 3
42161 | 3
41700 | 4
41331 | 4
41765 | 4
41831 | 3
41857 | 4
41740 | 5
41916 | 3
41634 | 4
41949 | 3
41789 | 2
41826 | 3
41648 | 4
41760 | 3
41776 | 3
41785 | 4
42037 | 3
42485 | 4
41152 | 3
42571 | 2
41203 | 3
41542 | 2
41633 | 4
44893 | 3
38573 | 3
41851 | 3
42507 | 3
41052 | 3
41850 | 3
41795 | 3
41856 | 4
41734 | 3
41816 | 3
41766 | 4
41729 | 2
41932 | 3
41737 | 2
41666 | 4
41798 | 3
42558 | 2
42037 | 3
40689 | 3
41851 | 4
42443 | 3
41827 | 3
41340 | 3
42290 | 2
41649 | 3
41693 | 2
41614 | 3
41879 | 4
41795 | 2
41585 | 3
42462 | 3
41146 | 3
41686 | 4
41775 | 4
41775 | 3
41768 | 3
41819 | 2
41794 | 4
41618 | 3
41788 | 3
42075 | 3
41986 | 3
41424 | 3
41740 | 3
43109 | 3
40682 | 2
41709 | 3
41754 | 3
41865 | 3
44148 | 3
39454 | 3
41684 | 3
41829 | 4
41763 | 3
41789 | 3
41746 | 3
41834 | 3
41876 | 3
41624 | 3
41781 | 3
41800 | 3
41793 | 3
41863 | 3
41690 | 3
41848 | 3
41916 | 3
41876 | 3
41656 | 2
41777 | 3
41724 | 3
41861 | 3
41873 | 3
41735 | 4
41787 | 3
41761 | 3
41796 | 3
42062 | 3
41478 | 3
41752 | 4
41777 | 3
41846 | 3
41777 | 4
41856 | 3
41762 | 2
41849 | 4
41744 | 3
41636 | 2
41915 | 3
41855 | 3
41795 | 4
42256 | 4
41338 | 3
41752 | 3
42498 | 3
41229 | 3
41756 | 3
41743 | 3
41734 | 3
46441 | 3
37162 | 3
41869 | 3
41740 | 3
41832 | 3
42433 | 2
41363 | 3
41630 | 4
42113 | 3
41370 | 4
42217 | 4
41727 | 3
41372 | 3
42471 | 3
41364 | 2
41783 | 3
41859 | 3
41739 | 3
41926 | 3
41760 | 3
41497 | 3
41845 | 3
41748 | 3
41751 | 3
41930 | 3
41806 | 3
41756 | 3
42264 | 4
41272 | 3
41722 | 3
41813 | 3
41814 | 3
41770 | 4
41920 | 3
41782 | 4
41870 | 2
41725 | 3
41701 | 3
41738 | 3
41829 | 3
41822 | 3
41704 | 3
41814 | 3
41956 | 3
42924 | 3
40554 | 4
41722 | 3
42283 | 3
41315 | 3
44268 | 3
39332 | 3
41805 | 3
41788 | 3
41714 | 2
41937 | 3
41824 | 3
41729 | 4
41756 | 3
41736 | 3
41853 | 4
41741 | 2
41850 | 3
41745 | 2
41856 | 3
41893 | 3
41654 | 3
41827 | 3
41739 | 3
41833 | 3
41800 | 3
41722 | 2
41752 | 3
41816 | 3
41909 | 3
41744 | 4
41785 | 3
42164 | 3
41435 | 3
41773 | 3
41534 | 3
41897 | 3
41734 | 4
41783 | 3
41801 | 3
41818 | 4
41895 | 3
41580 | 3
41900 | 3
41842 | 3
41746 | 2
41798 | 3
41812 | 4
41731 | 3
41761 | 3
41820 | 3
41751 | 3
41766 | 3
41804 | 3
44475 | 3
39101 | 3
41792 | 3
41827 | 3
41948 | 3
41664 | 3
41818 | 3
41924 | 3
41653 | 3
41772 | 3
41777 | 3
41851 | 3
41808 | 3
41765 | 3
41737 | 3
41741 | 2
41826 | 3
41803 | 2
41749 | 3
41834 | 3
41741 | 3
41927 | 3
41906 | 3
41693 | 3
41717 | 3
41824 | 3
41735 | 3
42144 | 3
41461 | 3
41790 | 3
41709 | 3
41958 | 3
41664 | 2
41799 | 4
41739 | 3
41816 | 3
41781 | 2
41743 | 4
41946 | 3
41846 | 2
41720 | 3
41750 | 3
41791 | 2
41877 | 3
41771 | 4
41774 | 3
41703 | 3
41814 | 2
41786 | 27
44304 | 4
39218 | 3
41817 | 3
41774 | 3
41747 | 3
42054 | 3
41792 | 3
41702 | 3
41720 | 3
41785 | 4
46915 | 3
36699 | 2
41792 | 3
41740 | 3
41823 | 4
41723 | 3
41735 | 4
41866 | 3
41797 | 3
41738 | 3
41777 | 3
41847 | 3
46782 | 3
36904 | 3
41788 | 3
41720 | 2
41895 | 3
42582 | 2
40902 | 3
41811 | 3
41756 | 3
41894 | 3
41662 | 3
41847 | 3
41698 | 3
41847 | 3
41774 | 4
41774 | 3
41751 | 2
41932 | 3
41746 | 3
41876 | 2
41709 | 3
41831 | 2
41700 | 3
41905 | 3
41739 | 2
41739 | 3
41742 | 3
45153 | 3
38429 | 3
41879 | 3
41715 | 3
41809 | 2
41788 | 4
41772 | 3
41859 | 3
41798 | 3
41796 | 3
41800 | 4
41716 | 3
41816 | 2
41845 | 3
41760 | 2
41745 | 4
41768 | 3
41761 | 3
41822 | 3
41855 | 3
41627 | 3
41923 | 3
47474 | 3
36029 | 3
41881 | 2
41825 | 3
41857 | 3
43109 | 3
40358 | 3
41792 | 3
41886 | 3
41746 | 4
41702 | 4
41937 | 3
41587 | 3
41816 | 4
41784 | 3
41827 | 3
41742 | 3
41847 | 2
41885 | 3
41740 | 3
41829 | 2
41820 | 3
41771 | 3
41806 | 4
41712 | 3
42668 | 3
41763 | 3
46108 | 3
36678 | 4
41658 | 3
41826 | 3
41819 | 3
41717 | 2
41841 | 4
41749 | 4
42461 | 2
41203 | 4
42300 | 3
41757 | 3
41456 | 3
42006 | 3
41658 | 3
41509 | 3
42144 | 3
41787 | 3
41465 | 3
42430 | 3
41286 | 2
41602 | 3
41891 | 3
42292 | 3
41417 | 3
41672 | 2
41807 | 3
43654 | 3
39936 | 3
41803 | 3
41823 | 3
41769 | 3
41750 | 4
41734 | 3
41842 | 3
41759 | 3
41842 | 3
41704 | 3
41868 | 3
41737 | 3
41899 | 3
41751 | 4
41832 | 3
41787 | 3
41849 | 3
41674 | 2
41837 | 3
41671 | 3
41891 | 3
45527 | 3
37948 | 3
41863 | 4
41772 | 4
41823 | 3
41749 | 3
41806 | 3
41707 | 4
41942 | 2
41762 | 3
41801 | 4
41862 | 3
41738 | 3
41744 | 3
41798 | 3
41815 | 4
41744 | 3
41764 | 3
41786 | 4
41812 | 2
41701 | 3
41821 | 3
41835 | 3
41737 | 3
41827 | 3
41741 | 3
42089 | 3
42041 | 3
41430 | 4
41698 | 2
41864 | 3
41732 | 3
41852 | 4
41711 | 3
41838 | 3
41708 | 3
41805 | 3
41723 | 3
41869 | 3
41698 | 3
41790 | 3
41837 | 2
41887 | 3
41774 | 3
41821 | 2
41774 | 3
41775 | 4
41800 | 3
41744 | 3
45669 | 3
37905 | 3
41877 | 3
41708 | 4
41816 | 3
41759 | 3
41781 | 3
41747 | 2
41800 | 3
41779 | 3
41933 | 2
41769 | 4
41732 | 3
41872 | 3
41834 | 3
41721 | 4
41706 | 3
41842 | 3
41802 | 3
41822 | 3
41696 | 2
41802 | 3
41803 | 2
41724 | 3
41836 | 2
41803 | 3
41973 | 3
42063 | 2
41380 | 3
41832 | 4
41736 | 3
41875 | 2
41685 | 4
41820 | 3
41861 | 3
41683 | 2
41884 | 3
41699 | 2
41721 | 3
41849 | 3
41862 | 3
41666 | 3
41953 | 4
41740 | 3
41768 | 3
41872 | 3
41785 | 4
41735 | 2
41893 | 3
44322 | 3
39157 | 3
41763 | 3
41757 | 2
41793 | 3
41841 | 3
41695 | 3
41874 | 3
41770 | 3
41712 | 3
41823 | 4
41972 | 3
41852 | 3
41618 | 3
41801 | 3
41854 | 3
41721 | 3
41780 | 3
41766 | 3
41775 | 3
41794 | 3
41707 | 2
41824 | 3
41735 | 3
41818 | 3
41811 | 3
42432 | 3
46364 | 3
36606 | 3
42084 | 4
42165 | 3
41294 | 3
42552 | 3
41210 | 2
41651 | 3
41736 | 3
41790 | 3
41618 | 3
41836 | 2
41820 | 3
41741 | 3
41738 | 3
41846 | 3
41736 | 2
41791 | 3
41894 | 3
41800 | 3
41761 | 3
41783 | 2
45748 | 4
37936 | 3
41758 | 2
41968 | 3
41651 | 3
44991 | 3
38500 | 3
42284 | 4
41274 | 3
42299 | 3
41467 | 4
41800 | 3
42040 | 3
41439 | 3
41726 | 3
41846 | 3
41830 | 3
41699 | 3
41799 | 3
41869 | 3
41679 | 3
41800 | 3
41779 | 3
41801 | 3
41706 | 3
41764 | 3
42131 | 2
43703 | 3
39642 | 3
41837 | 3
41774 | 3
41901 | 3
41692 | 4
41776 | 3
41860 | 2
41800 | 3
41658 | 3
41828 | 3
41749 | 2
41809 | 3
41742 | 3
41796 | 3
41832 | 2
41900 | 3
41699 | 2
41862 | 3
41821 | 3
41780 | 3
41748 | 3
45713 | 2
37849 | 4
41820 | 3
41798 | 3
41799 | 3
41730 | 3
41982 | 3
41568 | 3
41764 | 3
41821 | 3
41845 | 3
41774 | 3
41682 | 3
41923 | 2
41811 | 4
41756 | 3
41839 | 3
41847 | 3
41767 | 3
41757 | 3
41759 | 2
42590 | 3
40927 | 3
41809 | 3
41803 | 3
41846 | 3
41652 | 3
43673 | 3
39972 | 3
41903 | 3
41771 | 3
41795 | 3
41765 | 3
674451 | 3
533 | 3
643 | 2
566 | 4
565 | 3
1801 | 3
575 | 3
640 | 2
616 | 3
2661 | 3
1144 | 3
638 | 3
558 | 3
575 | 3
560 | 3
636 | 3
27440 | 3
37693 | 2
41742 | 3
41925 | 3
41841 | 3
41770 | 2
41733 | 3
41806 | 4
41765 | 3
41751 | 3
41843 | 29
41732 | 3
41743 | 3
41919 | 3
41733 | 3
41822 | 2
41733 | 3
41758 | 4
41780 | 3
41758 | 3
41736 | 3
42572 | 3
41135 | 3
41866 | 3
41680 | 3
41813 | 2
41785 | 3
43914 | 3
40253 | 3
41129 | 3
41941 | 3
41755 | 2
41765 | 4
41849 | 3
41691 | 3
41779 | 3
41805 | 3
41902 | 4
41940 | 3
41616 | 3
41776 | 3
41768 | 3
41762 | 3
41848 | 3
41733 | 3
41912 | 4
41798 | 2
41721 | 4
41767 | 3
44907 | 3
38618 | 3
41738 | 3
41864 | 3
41867 | 3
42045 | 3
41368 | 3
41956 | 4
41717 | 3
41816 | 3
41770 | 3
41826 | 3
41827 | 3
41701 | 3
41878 | 3
41805 | 3
41723 | 4
41819 | 2
41744 | 3
41804 | 3
41826 | 3
41869 | 3
41794 | 3
41722 | 3
41780 | 3
41731 | 3
41858 | 4
42273 | 3
41315 | 3
41711 | 3
41919 | 3
41878 | 4
41663 | 3
41744 | 4
41712 | 4
41886 | 3
41799 | 3
41687 | 3
41936 | 4
41712 | 3
41848 | 3
41739 | 3
41743 | 3
41829 | 4
41838 | 4
41686 | 2
41909 | 3
41977 | 3
41572 | 3
44356 | 2
39170 | 3
41770 | 3
41887 | 3
41696 | 3
42844 | 27
40830 | 4
41835 | 4
41734 | 3
41752 | 4
41783 | 3
41822 | 3
41736 | 3
41774 | 3
41941 | 3
41723 | 3
41782 | 3
41748 | 3
41820 | 2
41750 | 3
41820 | 3
41765 | 3
41891 | 2
41836 | 3
41798 | 3
41672 | 3
41804 | 3
42277 | 3
41265 | 3
41723 | 3
41851 | 3
41930 | 2
41825 | 4
41661 | 2
41782 | 4
41811 | 3
41739 | 3
41833 | 3
41849 | 3
41752 | 4
41860 | 3
41721 | 2
41745 | 3
41739 | 3
41827 | 3
41832 | 3
41721 | 3
41785 | 3
41878 | 3
44384 | 3
39117 | 3
41818 | 3
41750 | 3
41817 | 3
42209 | 3
41351 | 3
42220 | 4
41504 | 3
41715 | 2
41807 | 3
41711 | 3
41774 | 3
41832 | 3
41752 | 3
42205 | 3
42056 | 3
41280 | 3
42003 | 3
41647 | 2
41619 | 3
42181 | 3
41719 | 2
41719 | 3
41915 | 3
41260 | 3
42313 | 3
47564 | 3
35579 | 4
41727 | 3
41837 | 3
42007 | 2
41671 | 4
41963 | 3
42191 | 3
41651 | 3
41741 | 3
41780 | 2
41583 | 3
41818 | 3
41996 | 3
42101 | 3
41115 | 3
42198 | 3
41642 | 3
41702 | 4
41617 | 3
41726 | 3
41751 | 3
44490 | 3
39210 | 3
41813 | 3
41717 | 3
41890 | 3
41682 | 3
41737 | 3
41821 | 3
41835 | 3
41834 | 4
41848 | 2
41683 | 3
41795 | 3
41769 | 3
41731 | 2
41863 | 3
41716 | 3
42006 | 3
41645 | 3
41791 | 4
41740 | 3
41934 | 3
41631 | 3
41953 | 3
41753 | 2
41821 | 3
41819 | 4
42219 | 3
41261 | 4
41679 | 3
41903 | 3
41896 | 3
42283 | 3
41276 | 4
41740 | 4
41811 | 3
41691 | 3
41804 | 2
41808 | 3
41816 | 4
41899 | 5
41804 | 4
41759 | 3
43562 | 3
39918 | 3
41761 | 3
48128 | 5
35426 | 3
41824 | 3
47417 | 3
36254 | 3
41776 | 3
41790 | 3
41668 | 3
41824 | 3
41882 | 3
41758 | 4
41758 | 3
41814 | 3
41917 | 5
41668 | 4
41713 | 3
41849 | 4
41809 | 3
41905 | 3
41568 | 3
41791 | 3
41874 | 3
41837 | 3
41697 | 3
41810 | 3
41753 | 3
41953 | 3
41600 | 3
41935 | 4
43124 | 2
40961 | 4
41204 | 3
41806 | 3
41753 | 2
41852 | 3
42988 | 4
40680 | 3
41688 | 3
41860 | 4
41714 | 2
41747 | 3
41889 | 3
41698 | 3
41844 | 3
41846 | 3
41765 | 3
41761 | 3
41823 | 3
41832 | 3
41740 | 2
41690 | 4
41800 | 3
44541 | 2
39157 | 3
41770 | 3
41788 | 3
41772 | 3
41839 | 4
41723 | 3
41740 | 4
41846 | 3
41687 | 4
41736 | 2
42026 | 3
41733 | 3
41817 | 3
41722 | 3
41787 | 2
41769 | 3
41896 | 2
41769 | 3
41804 | 4
41777 | 2
41834 | 4
41694 | 3
41784 | 3
41735 | 3
41813 | 2
41783 | 3
42438 | 3
41301 | 4
41680 | 3
42296 | 2
41502 | 3
42095 | 3
41206 | 3
41823 | 3
41878 | 2
41728 | 4
41878 | 2
41836 | 3
41697 | 4
41750 | 3
41720 | 3
41786 | 2
41892 | 3
41797 | 3
41854 | 3
41691 | 3
41793 | 2
41796 | 3
44426 | 4
39175 | 3
41880 | 4
41740 | 2
41871 | 3
41681 | 3
41764 | 3
41793 | 4
41789 | 3
41796 | 4
42018 | 3
41591 | 3
41817 | 3
41782 | 3
41749 | 3
41789 | 3
41760 | 3
41833 | 4
41741 | 2
41836 | 3
41802 | 2
41911 | 3
41649 | 3
41753 | 2
41806 | 3
41853 | 3
41744 | 3
42451 | 3
41235 | 3
41707 | 4
41832 | 3
41719 | 3
41760 | 4
41765 | 3
41831 | 3
42700 | 3
40997 | 3
41747 | 3
41944 | 3
41977 | 3
41366 | 3
41754 | 3
42117 | 2
41418 | 3
41764 | 4
42017 | 4
41659 | 3
42084 | 3
41484 | 2
47230 | 3
36876 | 4
41433 | 3
41820 | 3
41533 | 3
41860 | 4
41797 | 3
41848 | 3
41693 | 3
41779 | 2
42689 | 4
40839 | 3
41836 | 3
42281 | 4
41414 | 3
41759 | 4
41737 | 4
41724 | 3
42910 | 3
41283 | 3
41689 | 3
41532 | 2
41837 | 3
42741 | 4
41020 | 3
52552 | 3
45484 | 3
44511 | 2
52482 | 3
13709 | 3
41751 | 3
42238 | 3
41491 | 3
41835 | 3
41772 | 3
41503 | 3
41795 | 3
41728 | 3
41950 | 3
42396 | 2
41109 | 3
42650 | 3
41272 | 3
42121 | 3
41046 | 2
41792 | 3
41913 | 4
41760 | 3
41761 | 3
44591 | 2
38897 | 4
41814 | 3
41792 | 3
41765 | 3
41780 | 3
41913 | 3
41791 | 4
41765 | 3
41766 | 4
43288 | 3
40304 | 3
41853 | 2
41852 | 4
41755 | 3
41764 | 3
41778 | 3
41816 | 4
41714 | 3
41849 | 3
41755 | 4
42108 | 3
41479 | 3
42061 | 2
41496 | 3
41789 | 2
41738 | 3
42673 | 2
41026 | 3
42203 | 3
53226 | 3
31271 | 4
61568 | 3
21642 | 3
41785 | 3
41991 | 2
40971 | 3
42323 | 3
41726 | 3
41092 | 3
42150 | 2
41471 | 4
41561 | 3
41835 | 2
42299 | 3
41396 | 3
41779 | 3
41813 | 3
41821 | 3
44494 | 3
38944 | 3
41862 | 4
41705 | 4
41754 | 3
41919 | 3
41785 | 2
42108 | 4
41447 | 3
41802 | 3
42712 | 2
40825 | 3
41746 | 3
41914 | 4
41860 | 3
41717 | 2
41765 | 3
41749 | 3
41804 | 3
41780 | 3
41737 | 2
41775 | 3
41791 | 3
41841 | 3
41850 | 3
41799 | 3
41703 | 3
42513 | 3
41038 | 3
41761 | 3
41924 | 3
43265 | 3
40457 | 4
41597 | 3
41801 | 3
41777 | 2
41794 | 3
42250 | 4
41246 | 3
41927 | 3
41855 | 4
41723 | 3
41695 | 4
41757 | 3
41810 | 3
41863 | 3
41703 | 2
41810 | 4
41792 | 3
44470 | 3
39062 | 3
41788 | 3
41767 | 3
41820 | 3
41747 | 3
41753 | 3
41827 | 3
41847 | 3
41742 | 3
41789 | 2
41874 | 3
41788 | 3
41775 | 4
41833 | 3
41755 | 2
41778 | 3
41732 | 2
41826 | 3
41859 | 3
41676 | 3
41763 | 3
41823 | 3
41748 | 2
41788 | 3
41822 | 2
41883 | 4
42323 | 3
41163 | 3
41899 | 3
41771 | 3
41808 | 3
41744 | 3
41852 | 3
41861 | 4
41943 | 3
41593 | 4
58246 | 2
25200 | 3
41760 | 3
41809 | 3
41763 | 3
41917 | 3
43589 | 3
39894 | 3
41768 | 3
41763 | 3
41814 | 2
41928 | 3
44623 | 3
38978 | 3
41876 | 3
41676 | 3
41725 | 3
41893 | 3
41779 | 3
41739 | 3
41713 | 3
41888 | 3
41736 | 3
41764 | 3
41866 | 2
41753 | 3
43111 | 3
40410 | 3
41931 | 2
41845 | 3
41687 | 3
41765 | 3
41807 | 3
41801 | 2
41776 | 3
41755 | 4
41941 | 3
41655 | 3
41737 | 3
42519 | 3
41115 | 3
41754 | 3
41786 | 4
41760 | 2
41874 | 4
41801 | 3
41738 | 3
41933 | 4
41761 | 3
42250 | 3
41270 | 4
41838 | 3
41742 | 3
41796 | 3
41741 | 4
41820 | 2
41793 | 3
41808 | 3
41705 | 3
41885 | 3
41710 | 3
44509 | 3
39091 | 3
41755 | 3
41831 | 3
41907 | 2
42113 | 3
41398 | 2
41857 | 4
41645 | 3
41857 | 3
41790 | 3
41794 | 4
41855 | 3
41693 | 3
41742 | 3
41774 | 3
41833 | 3
41824 | 3
41729 | 3
41818 | 4
41836 | 4
41881 | 3
41731 | 3
41748 | 3
41985 | 3
41788 | 6
41625 | 3
42335 | 3
41218 | 3
41817 | 4
41767 | 3
41820 | 4
41764 | 3
41909 | 3
41706 | 2
41751 | 3
41843 | 3
41781 | 3
41675 | 3
41820 | 2
41753 | 3
41950 | 3
41931 | 3
41701 | 2
41736 | 3
41728 | 3
41766 | 3
41832 | 3
41820 | 3
42745 | 4
40764 | 3
41708 | 3
41823 | 4
42436 | 3
43210 | 2
39728 | 3
42263 | 4
41418 | 3
41764 | 4
41853 | 3
41791 | 3
41729 | 3
42226 | 2
41337 | 4
42474 | 3
41119 | 4
41828 | 3
41735 | 3
41809 | 3
41685 | 3
41800 | 3
41755 | 3
41913 | 2
42348 | 4
41324 | 2
41683 | 3
43481 | 3
40388 | 3
41788 | 3
41639 | 29
42128 | 4
41590 | 4
41632 | 3
41715 | 3
41812 | 2
41765 | 3
41730 | 3
41719 | 3
42042 | 3
41632 | 2
41711 | 3
41850 | 3
41839 | 3
41673 | 3
41845 | 3
41950 | 3
41712 | 3
41748 | 3
44621 | 2
39017 | 3
41791 | 3
41723 | 3
41931 | 3
41682 | 3
41770 | 2
41789 | 3
41722 | 3
41825 | 4
41732 | 3
41885 | 3
41760 | 3
41748 | 3
41800 | 3
43097 | 2
40605 | 3
41770 | 3
41798 | 3
41708 | 3
41810 | 3
41894 | 3
41761 | 3
41789 | 3
41726 | 3
41792 | 2
41786 | 3
42450 | 3
41148 | 3
41776 | 3
42247 | 3
41767 | 2
41355 | 4
42324 | 4
41174 | 3
41881 | 2
41930 | 3
41662 | 4
41753 | 3
41805 | 3
41836 | 3
41883 | 2
41619 | 3
41797 | 3
41797 | 3
41744 | 3
41795 | 2
41748 | 4
43814 | 3
43269 | 3
39084 | 3
41737 | 2
41058 | 3
41744 | 3
42469 | 3
41342 | 3
41755 | 2
41825 | 3
41827 | 3
41752 | 2
42708 | 4
40858 | 3
41789 | 3
41856 | 3
41601 | 3
41849 | 3
41684 | 2
41842 | 3
41779 | 3
42008 | 3
44975 | 3
38500 | 2
42202 | 2
41296 | 4
41857 | 3
41851 | 3
44477 | 3
39208 | 4
41666 | 3
42007 | 3
41549 | 3
41958 | 4
42259 | 3
41090 | 3
41894 | 3
42625 | 3
41247 | 3
41312 | 3
41755 | 3
41796 | 3
41981 | 2
41971 | 3
43654 | 3
39724 | 3
41730 | 4
41922 | 3
41664 | 3
41773 | 4
44605 | 3
38919 | 3
41780 | 3
41788 | 3
41795 | 3
41794 | 3
41779 | 3
41839 | 4
41761 | 3
41897 | 4
41772 | 3
41759 | 3
41823 | 4
42215 | 2
41429 | 3
41708 | 3
41792 | 3
41797 | 2
42072 | 3
41451 | 3
42266 | 3
41510 | 2
42119 | 3
41783 | 3
41274 | 4
42223 | 3
41356 | 3
42626 | 3
41025 | 3
41782 | 3
41860 | 3
41887 | 3
41692 | 4
41761 | 3
41857 | 4
41754 | 3
41893 | 3
41658 | 3
41793 | 3
41773 | 3
41790 | 3
41797 | 3
42648 | 4
40888 | 2
41694 | 3
41883 | 3
41837 | 3
42164 | 3
41395 | 3
44673 | 3
38936 | 3
41842 | 3
41720 | 3
41757 | 2
41818 | 3
41787 | 3
41859 | 3
41633 | 3
41824 | 3
41847 | 3
41827 | 4
41815 | 3
41606 | 2
42059 | 3
41545 | 3
41882 | 3
41783 | 3
41885 | 2
41758 | 3
41764 | 4
41871 | 3
41779 | 3
41803 | 3
41828 | 3
42747 | 3
40630 | 3
42621 | 3
41034 | 3
42085 | 2
41413 | 3
42400 | 3
41195 | 4
41998 | 2
41659 | 3
41811 | 3
42015 | 3
41546 | 3
41966 | 3
41935 | 3
41495 | 4
42081 | 3
41985 | 3
43758 | 3
39525 | 3
41589 | 3
41950 | 4
41702 | 3
41638 | 3
45067 | 3
38811 | 3
41477 | 3
41898 | 3
41826 | 3
41779 | 3
41774 | 3
41787 | 4
41797 | 2
41783 | 4
41760 | 3
42340 | 3
41219 | 3
41813 | 3
41743 | 4
41844 | 3
41802 | 2
41760 | 3
41735 | 3
41801 | 2
41921 | 3
41839 | 3
41774 | 3
41760 | 3
41703 | 3
41861 | 2
41741 | 4
42589 | 3
41033 | 3
41726 | 4
41812 | 3
42261 | 3
42009 | 4
41502 | 3
41713 | 3
41702 | 3
42142 | 3
41161 | 3
42058 | 2
41614 | 3
41741 | 4
41824 | 3
41763 | 3
43832 | 3
39828 | 3
41953 | 3
41677 | 3
41839 | 4
41729 | 3
44718 | 3
38913 | 3
41735 | 3
41800 | 3
41884 | 3
41812 | 3
41770 | 3
41754 | 3
41807 | 3
41905 | 5
41651 | 3
41692 | 3
41856 | 3
41716 | 3
42063 | 3
41729 | 3
41685 | 3
41745 | 3
41804 | 3
41817 | 3
42273 | 3
41273 | 3
41863 | 3
41907 | 3
41659 | 2
41770 | 3
41764 | 3
42605 | 3
40960 | 3
41759 | 3
41850 | 3
41811 | 3
41704 | 4
41868 | 2
41811 | 3
41756 | 4
42183 | 2
41350 | 3
42674 | 4
40927 | 3
42339 | 3
41851 | 2
41223 | 3
46979 | 3
36711 | 3
41648 | 3
41762 | 3
41810 | 4
41783 | 4
44801 | 3
39011 | 3
41699 | 3
41712 | 3
41752 | 3
41743 | 3
41842 | 3
41774 | 3
41751 | 3
41862 | 3
41696 | 3
41947 | 3
41775 | 3
41767 | 4
41724 | 3
41745 | 3
41848 | 3
41868 | 3
41683 | 3
41891 | 3
42894 | 3
40687 | 3
41788 | 3
41741 | 3
41861 | 2
59808 | 3
23657 | 3
42598 | 3
41205 | 3
41714 | 4
41731 | 3
41762 | 3
41845 | 3
41836 | 3
41665 | 3
41941 | 3
41702 | 3
41655 | 3
41794 | 3
41833 | 4
41672 | 3
41873 | 3
41649 | 3
42061 | 4
41531 | 3
41911 | 3
41988 | 3
41430 | 2
43429 | 4
44313 | 3
38088 | 3
41599 | 3
41686 | 3
41801 | 3
41754 | 3
41795 | 3
41789 | 3
42388 | 3
41068 | 3
41804 | 4
41901 | 3
41715 | 2
41748 | 3
41751 | 4
42019 | 3
41756 | 2
41768 | 3
41788 | 2
41785 | 3
42211 | 3
41705 | 4
41461 | 3
41822 | 3
41728 | 3
41733 | 3
41809 | 3
42586 | 3
41006 | 2
41777 | 3
41769 | 4
42002 | 3
41581 | 4
41862 | 2
41820 | 3
41801 | 3
42008 | 3
41548 | 3
41748 | 3
41785 | 3
41842 | 2
41741 | 3
41782 | 3
41927 | 3
41676 | 4
41758 | 2
41785 | 3
42045 | 3
41552 | 3
44841 | 3
38815 | 3
42067 | 3
41460 | 3
42217 | 3
41656 | 3
41848 | 3
41547 | 4
42271 | 2
41539 | 3
41425 | 4
41789 | 3
42350 | 3
41214 | 3
42420 | 3
42063 | 4
40875 | 3
41917 | 2
41791 | 3
41773 | 3
41869 | 4
41684 | 3
41818 | 3
41777 | 2
41975 | 3
41565 | 4
41768 | 2
42705 | 3
40885 | 3
41783 | 3
41795 | 4
41804 | 3
41761 | 3
41898 | 3
41802 | 3
41891 | 3
41896 | 3
41551 | 2
41839 | 3
41741 | 3
41760 | 3
41836 | 3
41768 | 3
41696 | 3
41781 | 3
41823 | 3
41868 | 3
42489 | 3
41077 | 2
44740 | 3
38904 | 3
41797 | 3
41733 | 4
41790 | 3
41829 | 3
41784 | 4
41835 | 3
41728 | 3
42087 | 4
41381 | 3
42350 | 3
41965 | 3
41206 | 2
41813 | 3
42002 | 2
41419 | 4
41795 | 3
41842 | 3
41927 | 3
41713 | 3
41783 | 3
42267 | 3
41397 | 3
41748 | 3
41718 | 3
41761 | 4
42713 | 3
41001 | 2
41632 | 4
41783 | 2
41777 | 3
41794 | 4
41775 | 3
41951 | 3
41726 | 3
41807 | 3
41789 | 3
41798 | 3
41912 | 3
41706 | 3
41813 | 4
41678 | 3
41803 | 3
41738 | 3
41773 | 3
41795 | 3
43286 | 3
40357 | 3
48096 | 3
35436 | 3
41875 | 3
41800 | 3
41789 | 3
41792 | 3
41778 | 3
41894 | 4
41689 | 3
41787 | 3
42503 | 3
41169 | 3
41634 | 3
41946 | 2
41755 | 3
42270 | 3
41500 | 3
41719 | 3
41868 | 3
41805 | 3
41902 | 3
41607 | 3
42124 | 3
41578 | 3
41677 | 2
41863 | 3
41540 | 3
44133 | 3
39717 | 3
41414 | 3
42411 | 3
41272 | 3
41691 | 3
41815 | 4
41904 | 2
41611 | 3
42009 | 3
41730 | 3
41754 | 3
41808 | 3
41777 | 3
41816 | 2
41845 | 3
41671 | 3
41817 | 3
41775 | 3
41807 | 3
41711 | 3
41861 | 3
44925 | 3
38590 | 3
41777 | 2
42008 | 3
41852 | 3
41625 | 3
41732 | 3
41831 | 3
41803 | 4
41786 | 4
41735 | 2
41843 | 3
41798 | 3
41742 | 3
41777 | 3
41761 | 3
41797 | 2
41837 | 3
42317 | 3
41377 | 3
41787 | 2
42108 | 3
41373 | 4
42575 | 3
41345 | 3
41793 | 3
41461 | 2
43491 | 3
40263 | 3
41571 | 4
41808 | 3
41876 | 3
41766 | 2
41688 | 3
41843 | 3
41943 | 3
41702 | 3
41770 | 2
41799 | 3
41855 | 3
41700 | 3
41818 | 3
41746 | 2
41803 | 3
41793 | 2
41731 | 3
41770 | 3
41924 | 3
41741 | 3
44892 | 3
38864 | 3
41756 | 3
41577 | 3
41875 | 3
41797 | 3
41826 | 3
41733 | 4
41848 | 3
43759 | 4
39797 | 3
41889 | 3
41922 | 3
42443 | 3
41305 | 4
41928 | 3
41192 | 3
41863 | 4
41910 | 3
41574 | 3
41857 | 3
41829 | 3
41856 | 3
41747 | 2
41739 | 3
42755 | 3
40892 | 3
42588 | 3
40889 | 3
42259 | 3
41297 | 3
42007 | 3
42123 | 4
41172 | 3
42276 | 3
41598 | 3
41527 | 2
41919 | 4
41786 | 4
41840 | 3
41720 | 3
41820 | 3
41718 | 2
41849 | 3
41786 | 3
41744 | 3
41755 | 3
41852 | 3
41732 | 3
44744 | 3
38800 | 3
41844 | 3
41781 | 3
41935 | 3
41718 | 3
41878 | 3
41650 | 4
41837 | 3
41761 | 2
41846 | 4
42062 | 3
41473 | 3
41717 | 3
41838 | 4
41791 | 4
41804 | 3
41737 | 3
41770 | 3
41803 | 2
41958 | 3
41741 | 4
41845 | 3
41750 | 3
41866 | 3
42139 | 3
41373 | 3
42637 | 3
40923 | 3
41763 | 3
41732 | 3
41804 | 3
41824 | 3
41753 | 3
41730 | 3
41818 | 3
42347 | 3
41681 | 3
42101 | 2
41271 | 3
41805 | 3
41763 | 3
41723 | 3
41703 | 2
41865 | 3
41770 | 4
41671 | 3
41769 | 3
41786 | 2
45152 | 3
38456 | 3
41800 | 3
41793 | 4
41973 | 3
41660 | 2
41797 | 3
41792 | 4
41934 | 3
41692 | 5
41748 | 3
41786 | 4
41839 | 4
41737 | 3
41792 | 3
41740 | 3
41771 | 3
41798 | 3
41799 | 3
41832 | 2
41771 | 4
41954 | 3
41769 | 3
41933 | 3
42119 | 2
41509 | 3
41553 | 3
44803 | 3
38778 | 3
42062 | 4
41652 | 3
41561 | 4
41783 | 3
41745 | 4
41849 | 2
41774 | 3
41787 | 4
41789 | 3
41818 | 3
41884 | 3
41742 | 3
41788 | 3
41836 | 3
41904 | 3
42285 | 2
41193 | 3
41933 | 3
41545 | 3
41742 | 3
48727 | 3
34860 | 2
41858 | 3
42399 | 3
41088 | 2
41782 | 3
41939 | 3
41867 | 3
41717 | 3
41860 | 3
41695 | 3
41790 | 2
41788 | 3
41834 | 3
41716 | 3
41756 | 3
41775 | 3
41914 | 3
41775 | 3
41724 | 3
41758 | 3
41820 | 2
41863 | 4
41791 | 3
41781 | 3
41872 | 3
41723 | 3
42722 | 3
40859 | 3
41753 | 2
41798 | 3
41721 | 2
41774 | 4
41838 | 3
41773 | 3
42438 | 3
41091 | 3
42363 | 3
41965 | 3
41279 | 3
41774 | 3
41793 | 3
41775 | 3
41751 | 3
41921 | 3
42213 | 3
41345 | 3
41765 | 3
41745 | 3
47966 | 3
35593 | 3
42516 | 3
43735 | 3
39400 | 3
43996 | 3
39723 | 3
41475 | 3
41780 | 4
42471 | 3
41098 | 2
41931 | 4
41696 | 3
41748 | 3
41858 | 3
47264 | 3
36245 | 3
41744 | 3
41824 | 3
41884 | 3
41645 | 3
41951 | 3
41794 | 3
41715 | 3
41717 | 3
41807 | 3
41738 | 3
42755 | 3
41033 | 3
41675 | 3
41801 | 3
42119 | 3
41486 | 3
42047 | 4
41466 | 3
41849 | 3
41732 | 3
41847 | 3
41813 | 3
41755 | 4
41731 | 2
41789 | 3
41839 | 3
41779 | 4
41754 | 3
41766 | 3
41924 | 3
41754 | 3
41739 | 4
44725 | 3
38805 | 3
41880 | 3
44310 | 3
39541 | 3
41506 | 4
41970 | 3
42149 | 4
41521 | 2
41864 | 3
41368 | 4
42283 | 3
42190 | 3
41530 | 3
41321 | 4
41697 | 3
42355 | 3
41177 | 3
41827 | 3
41737 | 3
41819 | 3
41833 | 3
41813 | 2
42106 | 3
41440 | 3
41859 | 3
42096 | 3
44504 | 3
39086 | 3
41291 | 2
43046 | 3
40521 | 2
42075 | 3
41886 | 2
41400 | 4
41735 | 3
41774 | 3
42339 | 2
41251 | 3
41766 | 3
41808 | 3
41802 | 3
41824 | 4
42236 | 2
41409 | 3
42132 | 3
41786 | 2
41807 | 4
41794 | 2
44467 | 3
38739 | 3
42857 | 3
40937 | 3
41492 | 3
44261 | 4
39336 | 3
42745 | 4
41485 | 3
41808 | 3
41525 | 3
41951 | 3
41816 | 3
41692 | 2
41803 | 3
42059 | 3
41410 | 3
42081 | 4
41928 | 3
42206 | 3
41285 | 3
41326 | 3
41915 | 3
41657 | 3
42105 | 4
42415 | 3
41005 | 4
42737 | 3
40791 | 3
41751 | 2
43780 | 3
39894 | 4
41694 | 3
41797 | 4
41814 | 2
41784 | 3
41646 | 3
41745 | 3
42175 | 3
41475 | 3
41687 | 3
41757 | 4
41796 | 3
41784 | 3
41822 | 3
41668 | 3
41802 | 3
42407 | 3
41160 | 4
44958 | 3
38842 | 4
41560 | 3
42375 | 24
41332 | 3
41761 | 3
42013 | 4
41660 | 3
41730 | 3
41798 | 2
41948 | 3
42497 | 3
40934 | 3
42302 | 3
41728 | 3
41192 | 2
42305 | 4
41714 | 3
41366 | 3
41772 | 3
41816 | 3
41973 | 3
41712 | 3
42180 | 3
41886 | 2
41720 | 3
41846 | 4
42699 | 3
40608 | 3
41515 | 2
43734 | 3
39882 | 3
42435 | 3
41418 | 3
42107 | 3
41166 | 3
41793 | 4
41879 | 3
42217 | 3
41239 | 3
41784 | 3
41945 | 3
41817 | 3
41689 | 3
41915 | 4
41659 | 3
41806 | 4
41782 | 3
41769 | 2
44822 | 4
38764 | 3
41807 | 3
42393 | 4
41155 | 3
41787 | 3
41739 | 3
41835 | 4
42295 | 3
41345 | 3
41757 | 3
41724 | 3
42276 | 3
41742 | 3
41591 | 3
41658 | 3
41766 | 3
42510 | 3
41486 | 3
42449 | 3
40723 | 3
42082 | 3
41760 | 3
41422 | 3
41892 | 3
41861 | 3
41636 | 3
42851 | 3
40781 | 3
41780 | 3
41878 | 3
41790 | 2
41772 | 4
41785 | 2
41785 | 3
41912 | 3
41718 | 3
41737 | 4
41790 | 3
41826 | 3
41728 | 3
41735 | 3
41792 | 4
41840 | 3
41799 | 3
41724 | 3
41860 | 2
41708 | 3
41802 | 3
45036 | 3
38674 | 3
41828 | 3
41819 | 3
41703 | 3
41822 | 3
41764 | 3
41858 | 4
42159 | 3
41346 | 3
41756 | 3
41832 | 3
41708 | 3
41827 | 3
41727 | 3
41871 | 2
41716 | 3
41879 | 4
41722 | 4
41863 | 3
41809 | 3
41810 | 3
41761 | 2
41818 | 3
41752 | 3
41830 | 3
41781 | 3
42804 | 2
40839 | 4
41699 | 3
41761 | 3
41788 | 4
41753 | 2
41760 | 3
42264 | 3
41718 | 3
41414 | 3
42481 | 3
41546 | 3
41600 | 3
41734 | 3
41736 | 3
41810 | 3
41726 | 3
41791 | 3
41768 | 2
41838 | 3
41733 | 2
41828 | 3
44793 | 3
38732 | 3
41756 | 3
41765 | 2
41828 | 4
41807 | 4
41735 | 3
41869 | 4
42904 | 3
40738 | 3
41819 | 4
41754 | 3
41750 | 3
41797 | 3
41804 | 3
41854 | 3
41811 | 2
41752 | 3
41735 | 3
41755 | 3
41734 | 3
42055 | 3
41542 | 3
41786 | 2
41787 | 3
41770 | 3
41804 | 3
42960 | 2
40625 | 3
41765 | 3
41914 | 3
41834 | 3
41831 | 3
41728 | 3
41758 | 3
41845 | 3
41789 | 2
41770 | 3
41802 | 3
41702 | 3
44181 | 2
40373 | 4
40982 | 4
41585 | 2
41853 | 3
42373 | 6
41469 | 4
41534 | 3
41807 | 3
44890 | 3
38767 | 4
41716 | 3
41808 | 3
41849 | 3
41675 | 3
41810 | 3
41797 | 4
42388 | 2
41162 | 3
41786 | 4
41753 | 3
41765 | 3
41877 | 4
41802 | 3
41737 | 3
41833 | 3
41715 | 3
41936 | 3
41773 | 3
41755 | 3
41800 | 3
41783 | 2
41774 | 3
42045 | 3
41675 | 3
41868 | 3
42540 | 3
40779 | 3
41895 | 3
41700 | 28
41735 | 2
41785 | 4
41778 | 4
41818 | 3
42036 | 3
41551 | 3
41784 | 3
41958 | 3
41701 | 3
41773 | 3
41852 | 3
41745 | 3
41799 | 3
41907 | 2
41735 | 4
42069 | 4
42098 | 2
41047 | 4
47151 | 2
36529 | 3
42082 | 3
41437 | 3
41786 | 3
41798 | 3
41930 | 3
41616 | 3
41874 | 3
41840 | 4
41798 | 4
41825 | 3
41727 | 3
41749 | 3
41775 | 3
41789 | 3
41788 | 4
41802 | 3
41751 | 2
41812 | 3
41744 | 3
42789 | 3
40800 | 3
41947 | 3
41631 | 3
41810 | 3
41758 | 3
43042 | 2
40736 | 3
41727 | 3
41745 | 2
41784 | 4
41816 | 4
41753 | 4
41867 | 3
42471 | 2
41044 | 3
41747 | 3
41778 | 3
41881 | 3
41685 | 3
41766 | 3
41824 | 3
42096 | 3
41497 | 3
41758 | 3
41802 | 4
41920 | 3
41840 | 3
44834 | 3
38724 | 4
41732 | 3
41844 | 3
41823 | 3
43517 | 3
40699 | 3
41213 | 4
41928 | 4
41479 | 3
42327 | 3
41435 | 3
41572 | 3
41764 | 3
41779 | 3
41827 | 3
41753 | 2
41774 | 3
41948 | 3
41808 | 3
41801 | 4
41723 | 3
41801 | 3
41752 | 3
41791 | 3
41834 | 3
41731 | 3
42827 | 4
40792 | 3
41715 | 2
41793 | 4
41825 | 3
41774 | 3
41887 | 2
41686 | 3
43234 | 2
40416 | 3
41958 | 3
41638 | 3
41813 | 3
41799 | 2
41837 | 3
41715 | 3
41799 | 3
41781 | 3
41769 | 3
41745 | 3
41805 | 3
41975 | 3
43111 | 4
40723 | 3
41402 | 3
45298 | 3
38384 | 3
41608 | 3
41752 | 2
41913 | 4
41793 | 3
41827 | 3
41814 | 3
53696 | 3
30772 | 2
40857 | 3
42077 | 3
41757 | 3
41479 | 3
41973 | 3
41828 | 3
42306 | 3
41045 | 3
41853 | 3
41672 | 2
41802 | 3
41777 | 3
41846 | 3
41830 | 3
42919 | 3
40748 | 3
41717 | 3
41829 | 2
41740 | 3
42052 | 3
41785 | 3
41691 | 3
42405 | 4
41129 | 3
41786 | 2
41773 | 4
41780 | 3
41812 | 3
41988 | 3
41656 | 3
41799 | 3
41768 | 3
41762 | 2
41785 | 3
41765 | 3
41792 | 4
45038 | 3
38688 | 3
41724 | 3
41806 | 2
41788 | 3
41754 | 3
41756 | 3
41850 | 4
41806 | 4
41703 | 3
41826 | 4
41765 | 3
42136 | 3
42263 | 3
41079 | 3
41702 | 3
41929 | 3
42140 | 3
65391 | 3
17679 | 4
42291 | 3
41568 | 3
42564 | 3
40813 | 3
41939 | 3
42105 | 3
41246 | 3
43004 | 2
40561 | 3
41798 | 3
41776 | 4
41871 | 3
41841 | 3
41809 | 3
41737 | 3
41756 | 3
41759 | 3
41774 | 3
41830 | 2
41900 | 6
41667 | 4
41953 | 3
41732 | 2
41728 | 3
41781 | 3
41716 | 3
41913 | 3
41728 | 4
41931 | 4
44887 | 3
38589 | 3
41822 | 3
41787 | 3
41760 | 2
41732 | 3
41854 | 3
41777 | 3
41802 | 4
41737 | 3
41780 | 4
41951 | 3
41667 | 3
42811 | 3
40767 | 3
41748 | 3
41902 | 4
41694 | 4
41760 | 2
41801 | 3
41890 | 3
41800 | 3
41826 | 3
41596 | 3
41902 | 2
41912 | 3
41770 | 3
44452 | 3
39232 | 3
41620 | 3
41689 | 3
41643 | 3
41869 | 3
41816 | 3
41737 | 4
41730 | 3
41791 | 3
41944 | 3
41717 | 3
41810 | 3
41776 | 3
42365 | 3
41252 | 3
41773 | 3
41750 | 3
41720 | 3
41846 | 3
41745 | 3
41875 | 3
45063 | 2
38461 | 4
41870 | 3
41768 | 3
41819 | 3
41760 | 3
41785 | 3
41835 | 4
41918 | 3
41630 | 4
41699 | 4
41821 | 3
41755 | 3
42370 | 3
41205 | 3
41800 | 3
41961 | 3
41732 | 3
41746 | 3
41796 | 3
41835 | 3
41787 | 3
41797 | 3
41732 | 3
42442 | 3
41142 | 3
41710 | 3
43028 | 3
40595 | 2
41828 | 3
41885 | 3
42059 | 3
41713 | 4
41816 | 3
41681 | 2
42008 | 3
41576 | 3
41941 | 3
41409 | 3
41837 | 3
41692 | 3
41858 | 4
41732 | 3
41834 | 2
41829 | 3
41835 | 4
41801 | 4
41809 | 3
41681 | 3
44919 | 3
38732 | 3
41735 | 3
41728 | 3
41837 | 3
41729 | 3
41880 | 3
41723 | 4
41807 | 3
41912 | 2
41785 | 4
41758 | 3
41777 | 3
41941 | 3
41732 | 3
41701 | 3
41745 | 2
41770 | 3
41889 | 3
41674 | 2
41775 | 3
41819 | 3
41831 | 4
41913 | 4
41709 | 3
41871 | 3
41709 | 3
42926 | 4
40636 | 3
41799 | 3
41795 | 3
41710 | 3
41783 | 4
41821 | 2
41781 | 4
41808 | 3
41938 | 3
41759 | 3
41917 | 3
41644 | 3
43220 | 3
40587 | 3
41692 | 4
41792 | 3
41886 | 4
42241 | 3
40970 | 3
41797 | 3
41823 | 3
45102 | 3
38475 | 3
41861 | 2
41815 | 4
41811 | 2
41746 | 3
41807 | 3
41806 | 4
41728 | 3
41775 | 3
41762 | 3
41922 | 3
41687 | 3
41727 | 3
41789 | 3
41816 | 3
41892 | 3
41820 | 3
41750 | 3
41769 | 3
41812 | 3
41817 | 3
41745 | 2
41835 | 4
41655 | 3
41897 | 3
41689 | 3
42997 | 3
40627 | 4
41897 | 3
41770 | 3
41756 | 2
41874 | 3
41754 | 3
41724 | 4
41834 | 3
41733 | 3
41857 | 3
41680 | 3
41902 | 3
42950 | 3
40562 | 3
41721 | 2
41930 | 4
41776 | 3
42093 | 3
41877 | 3
41362 | 2
42015 | 2
46335 | 3
36994 | 3
41834 | 3
41766 | 2
41841 | 3
41668 | 3
41807 | 3
41781 | 3
41915 | 2
41772 | 3
41850 | 3
41715 | 3
41779 | 3
41888 | 3
41723 | 4
41716 | 3
41843 | 3
41702 | 3
41866 | 3
41711 | 3
41881 | 3
41890 | 3
41756 | 4
41719 | 2
41830 | 3
41964 | 3
41736 | 3
42702 | 2
40779 | 3
41712 | 2
41819 | 4
41709 | 3
41816 | 3
41765 | 3
41909 | 3
41676 | 3
41930 | 4
41803 | 3
41804 | 3
41686 | 4
42261 | 3
41346 | 3
41885 | 3
41638 | 3
41770 | 3
41783 | 4
41797 | 2
41850 | 3
41713 | 3
45141 | 3
38655 | 3
41857 | 3
41642 | 3
41853 | 2
41804 | 3
42251 | 3
41203 | 3
42055 | 4
41599 | 4
41650 | 3
41793 | 2
41807 | 3
41903 | 4
41653 | 2
41883 | 3
41784 | 3
41805 | 3
41958 | 3
41611 | 3
41760 | 4
41934 | 3
41634 | 3
41808 | 3
41984 | 3
41625 | 3
41718 | 3
43003 | 3
40666 | 2
41792 | 3
41795 | 3
41790 | 3
41789 | 3
41786 | 5
41839 | 3
41715 | 3
41781 | 3
41716 | 3
41839 | 3
41821 | 3
41748 | 3
41776 | 4
41779 | 3
41890 | 3
41864 | 2
41705 | 3
41808 | 3
41776 | 3
41786 | 2
45085 | 3
38427 | 4
41790 | 3
41823 | 3
41762 | 3
41819 | 3
41968 | 3
41587 | 3
41909 | 2
42831 | 5
40742 | 4
42146 | 4
41540 | 3
41803 | 2
41709 | 3
42243 | 2
41187 | 3
41776 | 4
42667 | 3
40927 | 3
41773 | 3
41785 | 3
42030 | 3
41674 | 3
41749 | 3
41796 | 2
41856 | 3
42873 | 3
40697 | 3
41658 | 3
41810 | 3
41785 | 3
42333 | 3
41279 | 3
41789 | 4
41863 | 2
41850 | 3
41745 | 3
41807 | 3
41775 | 3
41739 | 2
41769 | 3
41775 | 3
41748 | 3
41839 | 3
41779 | 3
41771 | 3
41841 | 3
41732 | 3
45143 | 2
38537 | 3
41777 | 3
41897 | 4
41751 | 2
41720 | 3
41794 | 2
41759 | 4
41753 | 3
41899 | 3
41683 | 2
41839 | 3
41716 | 3
41780 | 4
41893 | 3
41803 | 3
41953 | 3
41841 | 3
43013 | 3
41138 | 3
41348 | 3
42432 | 3
40692 | 4
41801 | 4
41887 | 3
41716 | 2
41802 | 3
43173 | 4
40570 | 3
41870 | 3
41693 | 3
41763 | 2
41827 | 3
41698 | 2
41802 | 3
41713 | 3
41826 | 3
41878 | 3
41796 | 4
41652 | 3
41803 | 3
41811 | 3
45405 | 3
38240 | 3
41790 | 3
41776 | 3
42235 | 3
41338 | 3
41990 | 3
46826 | 3
36536 | 3
41996 | 2
41536 | 3
41780 | 3
43702 | 3
40119 | 3
41705 | 3
42175 | 3
41627 | 3
41755 | 3
42650 | 3
40698 | 3
42660 | 3
41448 | 3
41410 | 3
42034 | 3
41917 | 3
41178 | 3
41841 | 3
41749 | 3
41856 | 2
42265 | 3
41395 | 3
41964 | 3
41579 | 3
41751 | 3
42924 | 4
40666 | 2
41745 | 4
41761 | 3
41850 | 2
41743 | 4
41798 | 3
41979 | 3
41677 | 3
41822 | 2
41754 | 3
41857 | 4
41813 | 3
41666 | 3
41773 | 3
41755 | 2
41811 | 3
41830 | 4
42466 | 3
41451 | 3
41968 | 3
41524 | 3
46522 | 3
36936 | 3
41816 | 3
41671 | 3
41766 | 3
41830 | 3
41783 | 3
41692 | 3
41781 | 3
41800 | 3
41799 | 3
41772 | 3
41807 | 3
41863 | 3
41779 | 4
41803 | 3
41854 | 3
41757 | 3
41784 | 4
41798 | 3
41702 | 3
41881 | 3
41651 | 3
41948 | 3
41750 | 4
41675 | 3
42079 | 3
43745 | 3
39776 | 3
41758 | 3
41753 | 3
42217 | 3
41494 | 3
41799 | 3
41729 | 3
41760 | 3
41827 | 3
43005 | 3
40520 | 2
41885 | 4
42198 | 4
41341 | 3
41857 | 3
41724 | 2
41776 | 3
42945 | 2
40684 | 3
41782 | 2
41760 | 3
45077 | 3
38566 | 3
42214 | 3
41284 | 3
42137 | 3
42113 | 3
41636 | 3
42052 | 3
41257 | 3
41887 | 2
41523 | 3
41770 | 3
41793 | 3
41829 | 3
41732 | 2
41948 | 3
41559 | 3
41892 | 3
41799 | 4
41789 | 3
41752 | 3
41808 | 3
41742 | 3
41794 | 3
42069 | 3
41663 | 4
41686 | 3
43029 | 3
40533 | 3
41739 | 2
41823 | 4
41834 | 3
41813 | 3
41768 | 3
41730 | 2
41784 | 3
41846 | 3
41783 | 3
41806 | 3
41795 | 3
41799 | 4
41776 | 3
41740 | 3
41779 | 3
41859 | 3
42235 | 4
41458 | 3
41661 | 3
41742 | 3
52113 | 3
31524 | 3
42137 | 3
42035 | 3
41239 | 3
43625 | 3
39869 | 4
41796 | 4
41776 | 3
42230 | 3
41442 | 3
41905 | 3
41951 | 3
41479 | 3
41888 | 3
41909 | 3
41870 | 4
41364 | 3
42411 | 3
41707 | 3
41812 | 3
41167 | 3
41810 | 3
41772 | 3
41822 | 3
42269 | 2
41272 | 4
43124 | 3
41292 | 3
40980 | 3
41753 | 2
41887 | 2
41798 | 3
41797 | 3
42224 | 3
41833 | 3
41284 | 4
41762 | 3
41824 | 3
41815 | 3
41772 | 3
41717 | 4
42397 | 3
41933 | 3
41569 | 2
41241 | 3
42334 | 3
41899 | 3
41227 | 3
45090 | 3
38429 | 3
41837 | 3
42230 | 3
41377 | 3
41776 | 3
41831 | 3
41798 | 4
42010 | 3
41491 | 3
41821 | 3
41841 | 3
41732 | 3
42324 | 3
41224 | 3
42002 | 3
42312 | 4
41067 | 3
42122 | 3
42229 | 3
41502 | 3
41508 | 3
42175 | 3
43440 | 3
39793 | 3
41644 | 2
41740 | 3
49222 | 3
34797 | 3
41480 | 3
41674 | 3
41994 | 3
41734 | 4
41751 | 4
42096 | 3
41563 | 3
41611 | 3
42493 | 3
41063 | 3
42112 | 3
41400 | 3
41777 | 2
41768 | 3
41941 | 3
42078 | 3
41454 | 3
41822 | 3
41797 | 4
41887 | 4
44927 | 3
38519 | 3
42379 | 3
41475 | 3
41551 | 3
41688 | 3
41820 | 2
41818 | 3
41725 | 3
41789 | 3
42355 | 3
41207 | 2
41799 | 3
41884 | 3
42276 | 3
41560 | 3
42044 | 3
41689 | 3
41406 | 3
42188 | 3
41609 | 3
41560 | 3
42105 | 2
43300 | 3
39887 | 3
41782 | 3
41812 | 3
43156 | 3
40479 | 3
41702 | 3
41841 | 3
41834 | 2
41922 | 4
41736 | 4
41727 | 3
41800 | 3
41868 | 3
41707 | 2
41784 | 4
41854 | 3
41761 | 2
41831 | 3
41698 | 2
41753 | 3
41751 | 3
41860 | 4
41953 | 3
42109 | 3
41292 | 4
48840 | 2
34694 | 3
41819 | 3
41960 | 3
42114 | 3
41372 | 3
41764 | 2
42166 | 3
41474 | 2
41761 | 3
42199 | 3
41569 | 3
42401 | 3
43724 | 3
39000 | 3
42649 | 3
41215 | 3
41509 | 2
41815 | 3
41787 | 3
41764 | 3
41763 | 3
41814 | 3
41767 | 3
41937 | 3
41822 | 3
41741 | 3
46039 | 3
37685 | 2
41970 | 3
41503 | 3
42365 | 3
41609 | 3
41838 | 3
41255 | 4
41719 | 3
41862 | 3
41735 | 3
42378 | 3
41727 | 4
41282 | 3
41786 | 3
42364 | 3
41185 | 3
41935 | 3
41766 | 2
41901 | 3
41653 | 3
41832 | 3
45046 | 3
38724 | 3
41563 | 3
41782 | 3
41808 | 3
41801 | 4
42237 | 3
41273 | 4
41801 | 3
41775 | 3
41782 | 3
42061 | 3
41512 | 2
41876 | 3
41714 | 3
41769 | 3
41885 | 3
41793 | 3
41791 | 3
41815 | 3
41751 | 4
41885 | 3
41704 | 3
41802 | 3
41952 | 3
41568 | 4
41806 | 3
43202 | 3
40389 | 4
41772 | 2
41771 | 4
41843 | 3
42363 | 4
41138 | 3
42305 | 3
41682 | 4
41655 | 3
41933 | 2
41896 | 3
41383 | 3
41825 | 3
41720 | 3
41802 | 3
41876 | 3
41704 | 3
41757 | 3
41777 | 3
41793 | 2
41821 | 3
45215 | 3
39274 | 3
40852 | 3
41775 | 3
41783 | 3
41774 | 3
41965 | 3
42214 | 4
41737 | 3
41868 | 4
41706 | 3
41622 | 3
41528 | 3
41774 | 3
41843 | 4
41776 | 2
41724 | 4
41768 | 4
41815 | 2
41772 | 4
41817 | 2
42621 | 3
41019 | 3
41696 | 3
41817 | 3
41882 | 3
41751 | 4
43100 | 3
40478 | 4
41883 | 2
41731 | 3
41828 | 3
41724 | 3
41827 | 3
41750 | 3
41789 | 3
41857 | 3
41693 | 3
41787 | 3
42340 | 3
41365 | 3
41631 | 3
42090 | 3
41881 | 3
41635 | 3
42005 | 3
41438 | 3
41769 | 3
41789 | 3
42855 | 3
41142 | 3
41397 | 3
41767 | 3
41818 | 3
41757 | 3
41793 | 3
41814 | 3
41707 | 3
41772 | 3
41800 | 4
41818 | 2
41766 | 3
41844 | 3
41818 | 3
41718 | 2
41798 | 3
41865 | 3
42142 | 3
41490 | 3
41747 | 3
41789 | 3
41804 | 3
41729 | 3
41919 | 3
41690 | 2
41787 | 3
43076 | 3
40460 | 3
41771 | 3
47251 | 3
36370 | 3
41855 | 4
41724 | 3
41750 | 3
41757 | 3
41846 | 3
41753 | 4
41864 | 3
41815 | 3
41850 | 3
41762 | 3
41740 | 3
41809 | 3
41803 | 3
41863 | 3
42707 | 5
41358 | 4
41121 | 3
47875 | 3
35864 | 3
41757 | 2
41730 | 3
41731 | 3
41796 | 3
41818 | 3
41771 | 4
41895 | 4
41799 | 3
41834 | 3
41762 | 4
41713 | 2
41810 | 3
41784 | 3
41796 | 3
41762 | 4
42060 | 4
41569 | 3
41728 | 4
41739 | 3
41824 | 3
41808 | 3
41744 | 4
41820 | 3
41835 | 3
41803 | 3
43092 | 3
40962 | 3
41380 | 3
41746 | 3
41804 | 4
41841 | 3
41696 | 4
41872 | 3
41686 | 3
41857 | 3
41755 | 3
41787 | 3
41725 | 2
41826 | 3
41795 | 3
41739 | 3
42234 | 3
41482 | 3
41666 | 3
41782 | 3
41803 | 3
41930 | 4
45071 | 3
38440 | 3
41819 | 2
42059 | 3
41512 | 4
44028 | 3
39694 | 2
42047 | 4
41463 | 3
42019 | 4
41485 | 4
41689 | 4
41776 | 3
41862 | 3
41734 | 3
41834 | 3
41754 | 2
41823 | 3
41826 | 3
41891 | 4
41772 | 3
41777 | 3
41717 | 3
41829 | 3
41761 | 4
41940 | 4
41696 | 3
42966 | 3
41699 | 2
40624 | 3
41770 | 3
41781 | 3
41779 | 4
41796 | 3
41844 | 3
41730 | 3
41824 | 3
41738 | 3
41797 | 2
41913 | 3
41830 | 3
41755 | 3
41836 | 3
41736 | 3
41872 | 4
41669 | 3
41814 | 3
41772 | 2
41891 | 3
45208 | 3
38220 | 3
41790 | 3
41759 | 3
41792 | 3
43489 | 3
40091 | 3
41916 | 3
41752 | 3
41687 | 3
42415 | 3
41855 | 3
41582 | 3
41469 | 3
41852 | 3
41803 | 4
42150 | 3
41307 | 3
41825 | 2
41977 | 3
41738 | 4
41762 | 3
41780 | 3
41824 | 3
41996 | 3
41556 | 3
41853 | 3
43165 | 2
41010 | 3
41207 | 3
41719 | 3
41753 | 3
41814 | 4
41772 | 3
41806 | 3
41786 | 3
41826 | 3
41857 | 3
41733 | 3
41877 | 4
41689 | 3
41796 | 3
41732 | 3
41814 | 3
41850 | 2
41689 | 4
41801 | 3
41856 | 3
41826 | 3
45138 | 3
38924 | 3
41234 | 3
41818 | 2
41748 | 3
41783 | 3
42030 | 3
41547 | 4
41865 | 3
41815 | 4
41861 | 4
41681 | 4
41838 | 3
41705 | 3
41778 | 3
41829 | 3
41758 | 3
42263 | 3
41639 | 3
41822 | 3
42201 | 3
41262 | 3
41997 | 3
42029 | 3
41094 | 4
41797 | 3
41818 | 3
43206 | 3
40422 | 2
41775 | 3
41846 | 2
41740 | 4
41859 | 4
41667 | 2
41840 | 3
41783 | 2
41740 | 3
41787 | 3
41896 | 3
41772 | 3
41793 | 3
41763 | 3
41761 | 3
41923 | 3
41644 | 3
41783 | 3
41758 | 4
42076 | 3
41648 | 2
45215 | 2
38327 | 3
41835 | 4
41690 | 2
42881 | 3
41250 | 3
42087 | 3
40925 | 4
41842 | 4
41719 | 3
42918 | 3
40539 | 2
41814 | 3
41840 | 3
41782 | 3
42797 | 3
40778 | 3
41803 | 3
41859 | 4
