8 | 4308
10 | 1077
8 | 770
8 | 578
9 | 2
8 | 450
8 | 655
7 | 247
7 | 209
29479 | 325
41346 | 2
45810 | 110
37472 | 221
41412 | 89
41737 | 161
41977 | 3
41252 | 2
41552 | 46
41764 | 2
41764 | 52
41624 | 2
41862 | 106
41542 | 48
41779 | 92
41633 | 39
41999 | 75
41363 | 2
41844 | 2
41716 | 19
41843 | 31
41638 | 29
41692 | 57
41866 | 25
41663 | 23
41673 | 47
41746 | 20
41824 | 2
41828 | 14
43857 | 19
39544 | 57
41696 | 2
41922 | 11
41706 | 33
41749 | 15
41746 | 14
41759 | 13
41719 | 27
42356 | 3
41288 | 9
41712 | 12
41693 | 2
41899 | 8
41741 | 2
41785 | 20
41832 | 23
41680 | 10
41839 | 10
41837 | 10
41813 | 20
41591 | 9
46036 | 18
37477 | 9
42207 | 8
42799 | 11
40584 | 21
41695 | 8
41697 | 8
41794 | 2
41762 | 5
41772 | 15
41756 | 2
41795 | 12
41861 | 7
41702 | 7
42803 | 13
40749 | 7
41786 | 2
44905 | 2
38672 | 4
41747 | 13
41812 | 2
41725 | 10
41773 | 12
41846 | 2
41726 | 15
41811 | 2
41797 | 4
43974 | 6
39605 | 2
41724 | 9
41920 | 2
41762 | 3
41695 | 2
41780 | 3
41789 | 10
41816 | 2
42292 | 3
41246 | 5
41928 | 5
41743 | 5
41700 | 10
41812 | 5
41757 | 9
41752 | 5
42475 | 5
41134 | 2
42048 | 3
41547 | 9
41775 | 4
46030 | 4
37918 | 8
41907 | 5
41273 | 2
41816 | 7
41808 | 2
41771 | 6
42245 | 4
41896 | 4
41182 | 4
41782 | 4
41808 | 4
41760 | 4
41857 | 8
42147 | 4
41467 | 4
41699 | 2
41707 | 2
41881 | 4
41783 | 4
41764 | 4
41888 | 4
41674 | 4
41940 | 4
41679 | 7
41770 | 4
41737 | 4
44169 | 4
39483 | 7
41808 | 4
41725 | 4
41890 | 4
41774 | 4
41694 | 4
41837 | 4
41833 | 2
41715 | 5
41856 | 2
41728 | 3
41845 | 4
41796 | 6
42183 | 3
41831 | 3
41866 | 2
41792 | 2
41214 | 4
42130 | 6
41420 | 2
41902 | 3
45936 | 6
37559 | 4
41830 | 6
41740 | 4
41792 | 6
42000 | 3
41522 | 3
41877 | 3
41808 | 3
41737 | 4
41812 | 3
41797 | 3
41737 | 3
41858 | 6
42196 | 2
41290 | 5
41893 | 3
42576 | 3
40990 | 6
41741 | 6
41782 | 2
41783 | 5
41918 | 3
41624 | 3
41839 | 5
41962 | 3
41662 | 4
43900 | 2
39672 | 3
41714 | 3
41878 | 5
41695 | 3
42370 | 4
41873 | 3
41211 | 3
41685 | 3
41805 | 5
41826 | 4
41760 | 3
41795 | 3
41744 | 2
42804 | 5
40956 | 3
41666 | 2
41778 | 5
41781 | 3
41791 | 5
41747 | 3
41968 | 3
46221 | 2
37341 | 5
41683 | 4
41776 | 5
41881 | 3
42226 | 3
41780 | 3
41371 | 5
41727 | 2
42041 | 5
41793 | 2
41744 | 3
41402 | 2
41808 | 3
42230 | 3
41317 | 3
41794 | 5
42700 | 5
40850 | 3
41808 | 3
41893 | 2
41775 | 3
41750 | 3
41831 | 2
41753 | 5
41807 | 5
41731 | 5
43973 | 3
39625 | 3
41735 | 4
41882 | 3
41735 | 5
41823 | 3
41707 | 3
41808 | 3
41830 | 4
42182 | 3
41803 | 5
41434 | 2
41777 | 3
41910 | 4
42861 | 3
40602 | 4
41707 | 2
41835 | 4
42210 | 2
41258 | 3
41864 | 2
41861 | 4
41652 | 3
41860 | 3
41813 | 2
41787 | 6
41793 | 3
41849 | 3
42197 | 4
41444 | 3
41732 | 4
41769 | 2
41788 | 3
41831 | 5
42116 | 2
41379 | 5
42707 | 2
40895 | 3
41752 | 4
42908 | 3
40710 | 3
41652 | 3
41952 | 3
42217 | 2
41290 | 4
41861 | 3
44993 | 4
38498 | 3
41880 | 2
43922 | 2
39796 | 5
41741 | 3
41682 | 3
41782 | 3
41785 | 3
41744 | 3
41793 | 4
41798 | 3
42445 | 3
41066 | 4
41840 | 4
41869 | 2
41724 | 2
42253 | 5
41300 | 3
41805 | 3
42992 | 4
40669 | 3
41777 | 2
41871 | 3
41728 | 4
41760 | 2
41749 | 3
41770 | 4
41812 | 4
41802 | 4
42057 | 2
41582 | 4
41706 | 2
41778 | 3
41811 | 3
41799 | 2
41866 | 3
41692 | 3
41827 | 3
41877 | 4
41749 | 2
41829 | 2
42803 | 2
40690 | 4
41966 | 4
41598 | 3
41843 | 2
41721 | 4
41778 | 4
41783 | 4
41819 | 3
41802 | 3
44102 | 3
39496 | 3
41784 | 3
41761 | 3
41784 | 3
41911 | 4
41748 | 3
41788 | 4
41812 | 2
41733 | 3
41856 | 2
41698 | 3
41751 | 3
41797 | 4
42197 | 3
41572 | 3
41631 | 3
41769 | 3
43890 | 3
39693 | 3
41804 | 3
41800 | 4
41754 | 2
41871 | 3
41887 | 4
41721 | 2
41763 | 3
41916 | 3
41596 | 4
41766 | 3
41949 | 3
41678 | 3
41783 | 3
41828 | 4
41748 | 2
41795 | 2
41789 | 3
41786 | 4
41775 | 2
41805 | 3
41792 | 2
42710 | 3
40983 | 4
41748 | 2
41800 | 4
41777 | 2
41735 | 3
41801 | 3
41821 | 4
44022 | 2
39533 | 3
41775 | 3
41782 | 3
41785 | 4
41771 | 2
41789 | 2
41873 | 4
41670 | 4
41834 | 3
41794 | 4
41857 | 2
41833 | 3
41776 | 3
42199 | 4
41379 | 3
41690 | 2
41790 | 3
41829 | 3
41693 | 4
41857 | 2
41829 | 4
46155 | 3
37465 | 3
41768 | 3
41760 | 3
41764 | 3
42071 | 2
41623 | 3
41836 | 4
41741 | 2
41833 | 4
41712 | 3
41775 | 3
41741 | 2
41826 | 3
41748 | 3
41784 | 3
41793 | 3
42801 | 3
40863 | 2
42234 | 3
41272 | 2
41733 | 4
41968 | 5
41722 | 3
41727 | 3
41876 | 3
41771 | 3
44077 | 3
39590 | 3
41711 | 2
41730 | 2
41771 | 4
41795 | 3
41781 | 3
41797 | 4
41828 | 3
41754 | 3
41806 | 3
41786 | 2
41794 | 2
41860 | 2
41708 | 3
41795 | 2
41930 | 2
41774 | 4
41759 | 3
41757 | 3
41799 | 3
41733 | 4
42077 | 2
41491 | 3
41828 | 4
41751 | 3
41801 | 2
42026 | 2
41533 | 3
41840 | 3
41790 | 3
41791 | 2
41816 | 4
41736 | 2
41814 | 3
41840 | 3
41790 | 2
42113 | 2
41473 | 3
42898 | 3
40655 | 2
42112 | 2
41400 | 3
41788 | 2
41787 | 3
41803 | 3
41802 | 2
41854 | 3
41743 | 3
44131 | 3
39458 | 2
41765 | 4
41790 | 2
41865 | 3
41856 | 3
41794 | 3
41710 | 2
41766 | 2
41787 | 3
41730 | 3
41812 | 2
41774 | 4
41783 | 2
41881 | 2
41714 | 4
41806 | 2
41768 | 3
41814 | 2
42292 | 3
41267 | 3
41930 | 3
41686 | 3
41843 | 2
41781 | 3
41813 | 2
41785 | 4
41955 | 2
41569 | 3
41763 | 3
41844 | 3
41749 | 2
41779 | 3
41805 | 2
41791 | 2
41761 | 3
41867 | 3
41734 | 3
41774 | 3
41759 | 3
41913 | 2
42213 | 2
41477 | 2
41683 | 2
41762 | 3
41763 | 3
42740 | 2
41029 | 2
41560 | 3
44268 | 2
39552 | 2
41577 | 4
41793 | 2
41771 | 3
41785 | 3
41809 | 3
41759 | 3
41822 | 3
41839 | 2
41793 | 3
41851 | 3
41742 | 3
41799 | 2
41749 | 4
41751 | 2
41769 | 3
41789 | 4
41794 | 2
42991 | 3
40616 | 3
41806 | 2
41706 | 2
41870 | 3
41905 | 3
41666 | 2
41776 | 4
42111 | 3
41393 | 3
42052 | 2
41697 | 2
41775 | 3
41813 | 2
41727 | 2
41730 | 2
41799 | 3
41789 | 3
41801 | 2
41828 | 2
43304 | 2
40308 | 2
42243 | 2
41286 | 2
41756 | 3
41850 | 2
41750 | 3
41867 | 5
41826 | 2
41845 | 4
44044 | 2
39447 | 3
41740 | 4
41751 | 2
41824 | 2
41773 | 3
41777 | 2
41866 | 3
41740 | 2
41793 | 2
41761 | 3
41584 | 2
41861 | 3
41722 | 2
41774 | 3
42045 | 2
42129 | 3
42766 | 4
40550 | 2
42173 | 3
41010 | 3
41905 | 2
46245 | 2
37367 | 3
44964 | 3
38543 | 2
41848 | 3
42269 | 3
42070 | 3
43195 | 2
41806 | 2
56943 | 3
24428 | 3
41781 | 2
42060 | 2
44925 | 2
39440 | 3
40721 | 2
41774 | 3
42995 | 2
40605 | 3
41790 | 2
42108 | 3
41613 | 3
41860 | 4
41575 | 2
42121 | 2
41478 | 3
41939 | 2
44062 | 2
39408 | 2
41763 | 4
42171 | 4
41381 | 3
42097 | 2
41495 | 3
41773 | 2
41731 | 3
41869 | 2
42036 | 3
41534 | 3
41772 | 3
41844 | 3
42180 | 2
41392 | 2
41764 | 4
41775 | 2
41859 | 3
41732 | 3
41784 | 2
41811 | 3
42041 | 3
41501 | 3
42020 | 3
41579 | 3
41807 | 2
42139 | 3
41439 | 3
41778 | 2
41809 | 2
41891 | 2
41883 | 3
41821 | 3
42009 | 2
41534 | 3
41852 | 2
42096 | 3
41375 | 2
41858 | 2
41727 | 2
41844 | 3
41788 | 2
41761 | 3
41909 | 5
41698 | 2
43162 | 5
40394 | 2
41766 | 3
44231 | 3
39339 | 4
41844 | 2
41805 | 3
41781 | 2
41796 | 3
41743 | 2
42046 | 4
41806 | 4
41768 | 3
41490 | 3
41766 | 2
41867 | 2
41809 | 3
41776 | 3
41769 | 2
41794 | 3
41824 | 3
41749 | 2
41900 | 2
41937 | 3
41862 | 2
41719 | 2
41791 | 2
41746 | 4
41605 | 3
41775 | 2
42157 | 3
41387 | 2
42394 | 2
41651 | 2
41634 | 2
41726 | 3
41967 | 2
41679 | 3
41529 | 3
41660 | 2
41948 | 2
41694 | 2
41832 | 3
42111 | 2
41731 | 3
41834 | 2
41763 | 3
41550 | 2
41788 | 3
43252 | 2
40340 | 2
41757 | 3
44624 | 2
39345 | 2
41718 | 2
41806 | 2
41745 | 2
41502 | 2
41772 | 3
41922 | 2
41685 | 2
41638 | 3
42138 | 2
42075 | 3
41699 | 2
41825 | 3
41618 | 2
41516 | 3
41723 | 3
41976 | 2
41687 | 2
41728 | 2
42077 | 2
41899 | 2
41760 | 4
41730 | 2
41784 | 4
41494 | 3
41728 | 4
42056 | 3
41520 | 2
42874 | 2
40904 | 3
41802 | 3
41770 | 2
41899 | 3
41778 | 3
41465 | 4
42050 | 2
41461 | 2
42002 | 2
42777 | 3
40886 | 3
41829 | 3
41776 | 2
41898 | 2
41481 | 2
41778 | 2
42263 | 3
41371 | 2
41673 | 2
44440 | 3
39567 | 3
41692 | 3
41846 | 3
42188 | 2
41636 | 3
41279 | 3
41725 | 2
41743 | 3
41863 | 2
41967 | 2
41831 | 2
42304 | 3
41799 | 3
41264 | 3
41521 | 4
41837 | 3
41754 | 2
41814 | 3
41748 | 2
42118 | 2
42320 | 2
41196 | 2
41799 | 3
42148 | 3
41212 | 2
41879 | 3
42020 | 3
41460 | 2
43663 | 2
40194 | 3
41772 | 3
41785 | 3
41855 | 3
41779 | 3
41467 | 2
41799 | 3
42259 | 2
41374 | 6
41784 | 2
42054 | 3
41708 | 3
41817 | 2
41784 | 3
41548 | 3
41809 | 2
41782 | 3
41815 | 2
41802 | 2
44547 | 4
39329 | 2
41724 | 2
41854 | 3
41781 | 2
43130 | 3
40045 | 2
41991 | 2
41632 | 3
41856 | 3
41929 | 2
41856 | 2
41801 | 4
41769 | 2
41877 | 3
41553 | 2
41700 | 2
41887 | 3
41700 | 3
41909 | 3
42019 | 2
41764 | 3
41772 | 3
41507 | 3
42920 | 3
40693 | 2
41734 | 4
42651 | 2
41150 | 2
41848 | 2
41981 | 3
41598 | 3
41762 | 3
41809 | 2
41863 | 2
41802 | 2
41781 | 3
41863 | 3
41698 | 2
41889 | 2
41642 | 2
41797 | 2
41770 | 3
41793 | 2
41798 | 3
41922 | 3
42140 | 2
41288 | 3
41794 | 2
44441 | 2
39640 | 2
41406 | 2
41768 | 2
41857 | 3
41743 | 2
42279 | 3
41223 | 2
41773 | 3
41765 | 3
41844 | 2
41774 | 3
41873 | 3
41753 | 2
41744 | 3
41779 | 2
42018 | 3
42187 | 2
41160 | 3
41887 | 3
41862 | 3
41748 | 2
41721 | 2
41801 | 3
42145 | 4
41389 | 3
41795 | 2
42178 | 3
41500 | 3
41687 | 2
41842 | 3
41745 | 2
41779 | 3
41863 | 3
41712 | 2
41877 | 3
42271 | 2
41334 | 3
41789 | 3
41843 | 2
41649 | 3
41730 | 2
41860 | 3
41771 | 3
41973 | 3
41635 | 3
41759 | 2
41848 | 3
41683 | 3
44314 | 2
39658 | 2
41461 | 3
41927 | 2
41796 | 2
41719 | 3
41800 | 2
41723 | 2
41728 | 3
41824 | 2
41762 | 3
41894 | 2
41721 | 2
41801 | 3
41804 | 4
41829 | 2
41730 | 3
41782 | 3
41787 | 3
41812 | 2
41841 | 3
41891 | 2
41689 | 2
41778 | 2
42167 | 3
41348 | 2
41920 | 3
42161 | 2
41244 | 3
41839 | 2
41836 | 3
41786 | 2
41733 | 3
41806 | 2
41872 | 2
41760 | 3
41852 | 2
41795 | 2
41794 | 3
43752 | 3
39768 | 2
41755 | 3
41857 | 2
41725 | 3
41772 | 2
41831 | 3
41788 | 3
41805 | 4
41763 | 2
42588 | 2
41264 | 2
42220 | 3
41245 | 2
41757 | 3
41739 | 3
41797 | 2
41789 | 3
42026 | 2
41570 | 3
41667 | 3
41814 | 3
41792 | 3
41790 | 2
41808 | 2
41798 | 2
41771 | 3
41885 | 3
41703 | 2
41767 | 2
41910 | 2
41716 | 2
41816 | 2
41852 | 2
42155 | 3
41398 | 3
41701 | 2
42242 | 3
41372 | 3
41637 | 2
41916 | 3
41781 | 3
41805 | 2
41845 | 3
41717 | 2
41813 | 3
42407 | 3
41315 | 2
41839 | 2
41678 | 3
41822 | 3
41701 | 2
41770 | 3
41780 | 2
41789 | 3
41775 | 2
41906 | 2
41702 | 4
41729 | 2
44354 | 2
40104 | 2
42383 | 3
40404 | 2
41798 | 2
41878 | 3
42847 | 2
40705 | 2
41848 | 2
41661 | 2
41796 | 2
41768 | 3
41796 | 2
41786 | 2
41788 | 2
41739 | 3
41834 | 3
42352 | 2
41249 | 2
41729 | 3
41770 | 2
41975 | 2
41794 | 2
42635 | 3
41318 | 2
41406 | 3
41717 | 3
42199 | 3
41374 | 2
41697 | 3
41881 | 2
41877 | 2
41674 | 2
42092 | 3
41517 | 2
41744 | 2
41828 | 3
41791 | 3
41899 | 3
41821 | 2
41724 | 3
41777 | 2
41792 | 2
41723 | 2
41798 | 2
41814 | 2
41754 | 3
41858 | 2
41708 | 2
44427 | 3
39390 | 2
42071 | 2
41271 | 3
42072 | 2
41517 | 2
41885 | 2
41753 | 3
41900 | 3
41713 | 2
41794 | 2
41723 | 2
41818 | 2
41731 | 3
41817 | 2
41798 | 3
41837 | 2
41465 | 3
41816 | 2
41831 | 2
41762 | 2
41825 | 3
41778 | 3
41751 | 3
41812 | 3
41847 | 2
41712 | 3
42400 | 3
41069 | 2
42780 | 3
40987 | 2
42023 | 2
42070 | 3
41461 | 2
41940 | 2
41723 | 2
41685 | 2
41825 | 3
41787 | 2
41946 | 3
41719 | 3
41832 | 2
41467 | 2
42005 | 3
41782 | 3
41549 | 2
41820 | 2
42828 | 3
40903 | 3
44505 | 2
39106 | 3
41606 | 3
41756 | 2
41818 | 3
41830 | 2
41732 | 3
43360 | 3
40153 | 2
41920 | 2
41680 | 2
41749 | 2
41904 | 3
41856 | 2
41757 | 2
41762 | 2
41760 | 2
41748 | 2
41853 | 4
41749 | 2
41836 | 2
41862 | 2
41669 | 2
41864 | 3
41753 | 2
41786 | 3
41721 | 3
42936 | 2
40991 | 3
43083 | 2
40273 | 2
41968 | 2
41785 | 2
41826 | 3
41724 | 3
41897 | 2
42647 | 2
40857 | 3
41578 | 2
41798 | 3
42273 | 2
41620 | 3
41788 | 2
41853 | 3
41674 | 2
42283 | 2
41052 | 2
42028 | 3
41760 | 3
44384 | 2
39724 | 3
41853 | 4
41223 | 2
41765 | 3
41796 | 3
41861 | 3
41670 | 3
41903 | 3
41806 | 2
41779 | 3
41796 | 2
41762 | 2
41852 | 4
41681 | 3
41800 | 2
41786 | 2
41854 | 3
41746 | 2
41784 | 2
41817 | 3
41841 | 3
41667 | 3
41953 | 2
42082 | 3
41451 | 2
41803 | 3
42274 | 2
41573 | 3
42024 | 2
41407 | 3
41836 | 2
41708 | 2
41758 | 2
41907 | 3
41690 | 2
41852 | 3
41753 | 2
41829 | 3
41739 | 2
41789 | 2
41787 | 2
41960 | 2
41680 | 3
41757 | 3
41785 | 2
41756 | 2
41879 | 3
41750 | 3
44491 | 3
39205 | 3
41421 | 2
41783 | 3
41828 | 2
41819 | 3
41721 | 2
42175 | 3
41383 | 2
41861 | 3
41767 | 3
41801 | 3
41746 | 3
41797 | 2
41816 | 3
41758 | 3
42031 | 2
41612 | 2
41782 | 2
41885 | 3
41660 | 3
41835 | 2
41753 | 2
41782 | 3
41766 | 2
41812 | 3
42008 | 3
42213 | 3
41163 | 2
42819 | 3
40750 | 2
41777 | 2
44863 | 2
38972 | 2
41741 | 2
41842 | 4
41781 | 3
41535 | 2
41672 | 2
41924 | 2
41822 | 3
41737 | 2
41965 | 3
41640 | 3
41788 | 3
41800 | 3
41811 | 2
41891 | 3
41664 | 3
44516 | 2
39397 | 2
41442 | 3
41836 | 2
41781 | 2
41824 | 3
41738 | 2
43069 | 3
40469 | 2
41823 | 3
41771 | 3
41754 | 2
41750 | 3
41969 | 2
41733 | 2
41839 | 3
41722 | 3
41798 | 3
41806 | 2
41616 | 3
42011 | 3
41769 | 2
41795 | 3
41896 | 3
41784 | 3
41689 | 3
41825 | 3
42376 | 3
41345 | 2
42237 | 2
41334 | 2
41751 | 3
41730 | 2
41775 | 3
41777 | 2
41631 | 3
41743 | 2
41783 | 3
41785 | 2
42361 | 3
41228 | 2
41857 | 3
41746 | 2
41759 | 2
41835 | 2
41791 | 2
41734 | 2
41798 | 3
41764 | 2
44600 | 3
39025 | 2
41887 | 3
41664 | 2
41811 | 2
41805 | 3
41781 | 3
43574 | 3
40012 | 2
41796 | 3
41741 | 3
41820 | 2
42054 | 2
41537 | 3
41785 | 3
41777 | 2
41854 | 3
42099 | 3
41524 | 2
41687 | 3
41780 | 2
41796 | 2
41729 | 3
42418 | 2
41482 | 4
41763 | 2
41838 | 3
43035 | 3
40536 | 3
42316 | 2
41245 | 3
42110 | 2
41573 | 3
41747 | 2
41660 | 3
41857 | 2
41777 | 3
42591 | 3
41159 | 2
43573 | 3
40110 | 2
41715 | 3
41627 | 3
41772 | 3
42007 | 3
41886 | 2
41749 | 3
41805 | 2
41515 | 2
44500 | 3
39133 | 2
41796 | 3
41738 | 2
41782 | 3
41979 | 2
41630 | 2
42221 | 2
41446 | 2
41776 | 3
41750 | 2
41793 | 2
41798 | 3
41725 | 3
41816 | 2
41754 | 2
41951 | 3
41618 | 2
41834 | 3
42006 | 2
42074 | 3
41466 | 2
42006 | 2
41864 | 2
41307 | 3
42523 | 3
41354 | 3
44930 | 2
38835 | 3
41785 | 2
42250 | 2
42108 | 3
40554 | 3
42205 | 3
42922 | 3
40918 | 2
42175 | 2
41343 | 2
41457 | 2
41700 | 2
41792 | 3
41672 | 2
42065 | 2
41749 | 3
41644 | 2
41864 | 2
41807 | 2
42209 | 2
41571 | 3
45977 | 3
37967 | 2
41884 | 3
41704 | 2
41263 | 3
42189 | 3
41294 | 2
42602 | 3
41069 | 3
42287 | 3
41150 | 2
42088 | 3
41848 | 2
41513 | 3
42310 | 3
41575 | 2
41358 | 2
42589 | 3
40982 | 2
41858 | 3
42640 | 2
41407 | 2
41409 | 2
41945 | 2
41910 | 4
41652 | 2
42027 | 3
43091 | 3
40131 | 3
42090 | 3
41927 | 2
41565 | 3
42298 | 2
41089 | 2
42680 | 2
41017 | 3
41803 | 2
41640 | 2
41820 | 4
41668 | 3
41964 | 3
41463 | 2
41811 | 2
41746 | 3
41824 | 3
41803 | 3
41845 | 2
41738 | 2
41779 | 3
45010 | 3
38639 | 3
41729 | 3
41853 | 3
41709 | 2
41789 | 2
41895 | 3
42259 | 3
41259 | 2
41873 | 3
41731 | 3
41722 | 2
41938 | 2
41685 | 2
41512 | 2
41814 | 3
41905 | 2
41650 | 3
42279 | 2
41672 | 3
41455 | 2
41826 | 3
41786 | 3
41758 | 2
41772 | 3
41808 | 3
41766 | 3
42563 | 2
41037 | 3
42167 | 2
41632 | 2
41881 | 3
42006 | 2
41815 | 3
42261 | 2
41310 | 3
41259 | 2
41978 | 2
42527 | 3
43289 | 3
39577 | 4
41868 | 3
42174 | 2
41288 | 2
44288 | 2
39861 | 2
41080 | 3
41758 | 2
41749 | 2
44550 | 2
39142 | 2
41728 | 3
41997 | 3
41804 | 2
41895 | 3
41716 | 3
41775 | 2
41800 | 2
41828 | 3
41733 | 2
41809 | 3
41815 | 3
41818 | 3
41823 | 2
41753 | 3
41818 | 3
41789 | 2
41799 | 2
41746 | 2
41746 | 3
41902 | 2
41645 | 3
41817 | 2
41803 | 3
41786 | 2
41880 | 3
42457 | 3
40987 | 2
41919 | 3
41709 | 3
41798 | 3
41836 | 2
41711 | 3
42331 | 2
41361 | 2
41818 | 3
41844 | 2
41781 | 5
43018 | 2
40438 | 3
41759 | 3
41875 | 2
41699 | 2
41792 | 3
41824 | 3
41811 | 3
41776 | 2
41723 | 3
44584 | 3
39127 | 3
41815 | 5
41659 | 3
41982 | 3
41687 | 2
41784 | 3
41813 | 3
41740 | 2
41765 | 2
41750 | 2
41808 | 2
42240 | 2
41345 | 3
41859 | 2
41719 | 4
41779 | 2
41788 | 2
41955 | 3
41978 | 2
41456 | 3
41798 | 3
41738 | 3
41911 | 2
41830 | 3
41754 | 2
41796 | 3
42359 | 2
41209 | 3
41811 | 2
41715 | 2
41780 | 3
41774 | 3
41797 | 3
42406 | 2
41191 | 2
41746 | 2
41898 | 3
41724 | 3
43080 | 2
40500 | 2
41784 | 2
41774 | 3
41871 | 2
41809 | 2
41901 | 3
41694 | 2
41843 | 2
41820 | 3
42699 | 2
40741 | 2
41796 | 3
41768 | 3
41777 | 3
41780 | 2
41867 | 2
41737 | 2
41766 | 3
41788 | 2
41793 | 2
41804 | 3
45123 | 2
38525 | 2
41856 | 3
41721 | 2
41842 | 3
41723 | 2
41792 | 3
41723 | 3
41804 | 3
43119 | 2
40476 | 2
41795 | 2
41738 | 3
41833 | 2
41799 | 2
42467 | 4
41155 | 3
41737 | 3
41842 | 2
41717 | 2
41795 | 3
41957 | 2
42130 | 2
41341 | 2
41847 | 2
41749 | 3
41801 | 3
41724 | 2
41786 | 2
41789 | 2
41785 | 2
41786 | 3
41895 | 2
41782 | 2
41706 | 2
41781 | 2
41756 | 4
44697 | 2
39003 | 3
41745 | 3
41859 | 2
41922 | 3
41359 | 3
41783 | 2
41761 | 3
41738 | 2
41874 | 3
41756 | 2
41834 | 3
42865 | 2
40676 | 2
41820 | 4
41778 | 2
41799 | 3
43680 | 2
39892 | 3
41895 | 2
41696 | 2
41879 | 3
41780 | 2
41694 | 3
41816 | 3
41777 | 3
42152 | 3
43168 | 2
39953 | 2
41903 | 3
41859 | 2
41721 | 3
41798 | 2
41762 | 2
41793 | 2
41788 | 3
41801 | 3
41820 | 2
41844 | 3
42321 | 3
41176 | 2
41839 | 2
41760 | 4
41761 | 2
41779 | 3
41804 | 2
41829 | 3
41992 | 3
41793 | 4
44778 | 4
38836 | 2
41789 | 3
41740 | 2
41791 | 3
41868 | 3
41730 | 2
41796 | 2
41758 | 2
41855 | 2
41794 | 3
41989 | 2
41921 | 3
41528 | 2
41806 | 2
41773 | 3
41743 | 2
41741 | 3
41779 | 2
41783 | 2
41818 | 3
41782 | 2
41924 | 3
41855 | 2
41770 | 2
41791 | 2
41803 | 4
42620 | 3
40990 | 2
41778 | 3
41828 | 3
41720 | 3
41770 | 2
41798 | 2
41790 | 3
41807 | 2
41786 | 3
41751 | 2
41911 | 2
42607 | 2
40961 | 3
41721 | 2
41784 | 2
41751 | 2
41828 | 3
41904 | 2
41790 | 2
41750 | 4
41755 | 2
44701 | 3
38897 | 3
41931 | 2
41612 | 3
41835 | 3
41941 | 2
41612 | 3
41767 | 2
41826 | 3
41772 | 2
41769 | 2
41805 | 3
42322 | 2
41249 | 2
41784 | 2
41769 | 3
41832 | 3
41837 | 4
41787 | 2
41831 | 3
41667 | 2
41853 | 2
41704 | 2
41840 | 3
41814 | 3
41806 | 3
41801 | 3
42591 | 2
41049 | 2
41711 | 3
41759 | 3
41796 | 3
41991 | 2
41680 | 3
41716 | 3
41739 | 3
41800 | 3
41854 | 2
41878 | 2
43127 | 2
40332 | 2
41776 | 2
41830 | 2
41750 | 2
41768 | 3
41838 | 2
41796 | 3
41827 | 2
41836 | 3
44550 | 3
38994 | 2
41736 | 3
41784 | 2
41810 | 3
41813 | 2
41742 | 2
41767 | 3
41736 | 2
41907 | 3
41758 | 2
41852 | 2
41642 | 3
41790 | 2
41771 | 3
41724 | 3
41857 | 3
41720 | 2
41832 | 3
41758 | 2
41807 | 2
41815 | 3
41742 | 4
41775 | 2
41811 | 3
41926 | 2
41777 | 3
42659 | 3
40855 | 3
41735 | 2
41818 | 2
41702 | 3
41704 | 2
41918 | 2
41907 | 2
41707 | 2
41777 | 3
41814 | 2
41782 | 2
43940 | 3
39772 | 3
41731 | 2
41765 | 2
84321 | 3
468 | 2
40526 | 3
41893 | 3
41770 | 3
41727 | 3
44953 | 2
38638 | 3
41777 | 3
41765 | 3
41933 | 2
41806 | 3
41712 | 2
41773 | 2
41707 | 4
42167 | 2
41509 | 2
41734 | 2
41799 | 2
41779 | 2
41806 | 3
41785 | 2
41785 | 2
42199 | 2
41545 | 3
41695 | 2
41792 | 2
41763 | 2
41738 | 2
41803 | 3
41790 | 3
41836 | 2
41835 | 2
43031 | 3
40476 | 3
41762 | 2
41815 | 3
41785 | 2
41834 | 3
41835 | 29
41812 | 2
41773 | 2
41687 | 3
41759 | 2
41805 | 3
42285 | 2
41391 | 2
41704 | 2
41848 | 2
41689 | 2
41802 | 3
41830 | 3
41869 | 2
42001 | 2
41917 | 3
47512 | 2
35699 | 3
41894 | 2
41640 | 3
42055 | 2
43591 | 2
39740 | 3
41766 | 2
41759 | 2
41792 | 3
41788 | 3
41900 | 2
42109 | 3
41859 | 2
41758 | 6
41644 | 2
41535 | 3
42910 | 2
41405 | 3
41816 | 2
41383 | 3
42728 | 2
41407 | 2
41150 | 3
42869 | 3
40611 | 2
42310 | 3
43087 | 2
39800 | 2
41784 | 2
41796 | 2
41779 | 3
41801 | 2
41799 | 2
42197 | 3
41381 | 3
41773 | 2
42023 | 2
41538 | 2
42253 | 3
41403 | 3
41799 | 2
41797 | 2
41678 | 2
41829 | 4
41801 | 2
41728 | 2
41843 | 3
41818 | 3
44868 | 3
38786 | 3
41692 | 3
41770 | 2
41906 | 2
41822 | 4
41738 | 2
41727 | 2
41786 | 2
41852 | 3
41667 | 2
41892 | 3
41756 | 2
41769 | 2
41807 | 3
41757 | 2
41995 | 2
42053 | 3
41428 | 2
41701 | 2
41868 | 4
41755 | 2
41744 | 2
41789 | 2
41842 | 3
41799 | 3
41772 | 2
42683 | 2
40892 | 3
41745 | 2
41829 | 3
41877 | 2
41879 | 3
41706 | 2
41763 | 3
41739 | 3
41780 | 2
41788 | 2
41810 | 3
43763 | 3
39764 | 2
41827 | 3
41845 | 2
41719 | 3
41804 | 2
42369 | 3
41275 | 2
41963 | 3
41644 | 2
44708 | 3
39121 | 3
41585 | 2
42203 | 3
41400 | 3
44488 | 2
39315 | 2
41492 | 3
41694 | 2
41822 | 3
41832 | 3
41976 | 5
41650 | 3
41785 | 3
41721 | 2
41756 | 3
41783 | 3
42185 | 2
41429 | 2
41824 | 2
41757 | 2
41797 | 3
41744 | 3
41830 | 3
41879 | 3
41793 | 2
41784 | 3
42748 | 3
40741 | 2
41777 | 2
41882 | 3
41763 | 3
41742 | 2
41791 | 3
41799 | 2
41818 | 2
41758 | 3
41769 | 2
41865 | 3
41787 | 2
41852 | 3
42103 | 3
41394 | 3
41824 | 3
42487 | 2
41034 | 2
41807 | 2
41780 | 3
41847 | 2
47745 | 3
36135 | 3
41844 | 3
41999 | 3
41490 | 2
43408 | 3
40057 | 3
42510 | 3
40965 | 2
42663 | 3
41514 | 2
42031 | 3
41059 | 3
42021 | 2
41909 | 2
41723 | 3
42107 | 2
42001 | 3
41497 | 2
41538 | 3
41340 | 3
41799 | 2
41688 | 3
41957 | 2
41717 | 3
41770 | 2
41774 | 2
42732 | 2
40786 | 2
41871 | 2
41822 | 3
41905 | 2
41762 | 3
41772 | 2
41720 | 2
41773 | 2
41761 | 2
41805 | 2
41788 | 3
41821 | 3
41780 | 2
41792 | 3
41781 | 2
41759 | 3
43191 | 2
40481 | 3
41812 | 2
41845 | 3
41689 | 3
44763 | 2
38811 | 2
41753 | 3
41793 | 3
41803 | 2
42034 | 3
41649 | 2
41670 | 3
41785 | 2
41898 | 2
41779 | 3
42052 | 2
41538 | 3
41716 | 2
41862 | 2
41711 | 2
41792 | 2
41779 | 3
41780 | 2
41795 | 3
41934 | 2
41695 | 3
41719 | 2
41817 | 2
41897 | 3
41786 | 2
41800 | 3
42752 | 3
40743 | 3
41820 | 2
41806 | 2
41741 | 2
41806 | 2
41782 | 2
41789 | 3
41777 | 2
41790 | 2
41921 | 2
41808 | 2
41748 | 3
41770 | 2
41743 | 3
41776 | 3
41757 | 3
42192 | 2
41402 | 2
41866 | 2
41724 | 2
41841 | 3
44872 | 2
38707 | 3
41860 | 3
41759 | 3
41792 | 2
41831 | 2
41660 | 2
41785 | 2
41749 | 3
41841 | 3
42155 | 2
41415 | 3
41784 | 2
41784 | 3
41829 | 2
41758 | 3
41879 | 2
41856 | 2
41727 | 3
41850 | 2
41668 | 2
41807 | 2
42092 | 2
41461 | 3
41800 | 3
41839 | 3
41762 | 2
42836 | 2
40676 | 2
41828 | 3
42054 | 3
41613 | 3
41775 | 3
41763 | 2
41751 | 3
41844 | 2
41731 | 3
41794 | 2
41882 | 2
41696 | 4
41837 | 2
41762 | 2
41825 | 2
41718 | 3
42317 | 3
41377 | 2
41860 | 3
41708 | 3
41722 | 3
45137 | 2
38517 | 3
41772 | 2
41751 | 2
41766 | 3
41855 | 2
41744 | 3
41866 | 3
41638 | 2
41923 | 3
41749 | 2
41831 | 2
42000 | 2
41561 | 2
41743 | 2
41761 | 3
41810 | 3
41802 | 2
41805 | 3
41726 | 2
41917 | 3
41754 | 2
42655 | 2
40973 | 3
41817 | 2
41781 | 3
41747 | 2
42763 | 3
40794 | 2
41760 | 2
41786 | 3
41815 | 2
41782 | 3
41780 | 2
41794 | 3
41784 | 3
41784 | 2
41914 | 3
41767 | 2
41805 | 3
41728 | 2
41762 | 2
41842 | 3
41704 | 2
42371 | 3
41229 | 3
41809 | 2
41772 | 2
41759 | 3
46357 | 2
37637 | 2
41835 | 3
41666 | 2
41732 | 3
43424 | 2
40427 | 3
41272 | 2
41793 | 2
41808 | 2
41741 | 2
41914 | 2
41720 | 3
41778 | 3
41784 | 2
42009 | 2
41764 | 3
41758 | 2
41804 | 2
41781 | 3
41778 | 2
41911 | 2
42131 | 2
41364 | 3
41768 | 2
41803 | 2
41956 | 2
43363 | 3
40130 | 2
41719 | 2
41848 | 3
41739 | 3
41835 | 3
41746 | 2
41746 | 2
41898 | 3
41753 | 3
41938 | 3
41638 | 3
41752 | 2
41809 | 3
41827 | 2
41828 | 3
41755 | 2
41764 | 4
41772 | 2
41785 | 2
41702 | 3
41837 | 3
45802 | 3
37849 | 3
41776 | 2
41772 | 2
41802 | 3
41874 | 2
41751 | 2
41794 | 3
41740 | 2
41812 | 2
41734 | 2
41805 | 2
41814 | 3
41892 | 2
41835 | 2
41607 | 2
41798 | 3
41818 | 3
41775 | 3
41978 | 3
41719 | 2
41832 | 2
42122 | 2
41319 | 2
41819 | 3
41789 | 2
41783 | 3
44146 | 4
39429 | 3
41855 | 2
41736 | 2
41786 | 3
41763 | 3
41791 | 2
41865 | 3
41824 | 3
41757 | 3
41736 | 2
41796 | 3
41777 | 2
41799 | 2
41841 | 3
41777 | 3
41723 | 2
41815 | 2
41776 | 2
41869 | 2
41707 | 2
41877 | 3
46352 | 2
37215 | 3
41816 | 2
41705 | 3
41781 | 3
41846 | 2
41594 | 2
41769 | 2
41753 | 2
41834 | 3
41791 | 2
41823 | 2
42791 | 3
40928 | 3
41646 | 2
41768 | 2
41819 | 2
41734 | 3
41823 | 2
41741 | 3
41943 | 2
41853 | 3
42144 | 3
41384 | 3
41758 | 3
41775 | 2
41762 | 2
42779 | 3
40787 | 3
41830 | 2
41754 | 2
41760 | 2
41785 | 2
41812 | 3
41832 | 2
41772 | 2
41771 | 2
41868 | 4
41704 | 3
41947 | 3
41733 | 3
41784 | 2
41771 | 2
41783 | 3
42151 | 2
41462 | 2
41693 | 3
41791 | 2
41739 | 3
45081 | 2
38630 | 4
41732 | 3
41841 | 3
41767 | 2
42223 | 3
41324 | 3
41777 | 3
41729 | 3
41827 | 2
41765 | 2
42000 | 2
41730 | 3
41753 | 2
41824 | 3
41756 | 3
41756 | 3
41761 | 2
41754 | 2
41825 | 3
41795 | 2
41912 | 3
42174 | 2
41286 | 2
41910 | 3
41705 | 3
41772 | 3
43379 | 3
40547 | 2
42131 | 4
41703 | 2
41482 | 2
42847 | 3
40689 | 2
41816 | 2
41765 | 3
42107 | 2
41990 | 3
41424 | 2
43408 | 3
40809 | 2
41711 | 3
40843 | 3
42492 | 3
43521 | 3
39725 | 2
42056 | 2
41688 | 2
41287 | 3
46407 | 2
37263 | 3
41766 | 3
41910 | 2
41689 | 3
42574 | 3
40968 | 2
41724 | 2
41763 | 3236
38797 | 6
41571 | 3
41812 | 2
41766 | 3
42280 | 3
41303 | 2
41791 | 3
41848 | 2
41737 | 2
41848 | 2
41720 | 3
42205 | 2
41482 | 3
41756 | 3
41941 | 3
41645 | 3
41885 | 3
41691 | 2
42860 | 2
40645 | 3
41812 | 3
41811 | 3
41754 | 3
41808 | 2
41861 | 3
41701 | 3
41870 | 3
41715 | 2
41794 | 3
41817 | 3
42098 | 2
41423 | 3
41861 | 3
41845 | 2
41771 | 2
41807 | 2
41761 | 2
41870 | 2
41688 | 2
41741 | 3
46450 | 4
37170 | 2
42158 | 3
41678 | 2
41631 | 2
42768 | 3
40857 | 2
41863 | 3
41976 | 2
41495 | 2
41981 | 3
41485 | 3
41752 | 2
41905 | 2
41809 | 2
41733 | 2
41873 | 2
41732 | 3
41758 | 2
41741 | 2
41777 | 2
41830 | 3
41789 | 2
41802 | 2
41838 | 3
41706 | 2
41814 | 3
46029 | 3
37538 | 2
41786 | 2
41817 | 2
41789 | 3
41843 | 2
41800 | 2
41857 | 2
41714 | 3
41797 | 4
41795 | 2
41790 | 3
41733 | 3
41833 | 2
41703 | 3
41795 | 2
41810 | 2
41795 | 3
41808 | 2
41767 | 2
41851 | 2
41779 | 3
41717 | 3
41839 | 3
41756 | 3
41796 | 2
41885 | 2
42078 | 4
41586 | 2
41691 | 3
41746 | 2
41805 | 3
41736 | 2
41809 | 2
41765 | 3
41795 | 3
41894 | 2
41703 | 2
41857 | 2
41728 | 2
41783 | 3
41790 | 2
41783 | 3
41903 | 3
41731 | 3
41746 | 3
41894 | 3
41792 | 3
41753 | 3
44210 | 2
39317 | 2
41890 | 3
41736 | 3
41729 | 2
41814 | 2
41781 | 2
41783 | 3
41763 | 2
41846 | 3
41904 | 3
41690 | 2
41768 | 2
41785 | 3
41784 | 3
41777 | 2
41853 | 3
41933 | 4
41691 | 4
41812 | 3
41741 | 2
41792 | 2
46436 | 3
37099 | 2
41844 | 3
41697 | 3
41839 | 2
42181 | 2
41345 | 2
41846 | 2
41712 | 2
41937 | 3
41768 | 2
41687 | 2
41810 | 3
41790 | 3
41808 | 2
41912 | 2
41738 | 2
41770 | 2
41898 | 3
41648 | 2
41834 | 2
41777 | 2
41726 | 3
41806 | 2
41822 | 2
41720 | 2
41923 | 2
44247 | 3
39387 | 3
41663 | 3
41791 | 2
41782 | 2
41748 | 2
41895 | 3
41712 | 2
41952 | 2
41744 | 2
41747 | 3
41795 | 3
41814 | 2
41760 | 2
41853 | 3
41643 | 2
41800 | 3
41808 | 2
41787 | 2
41795 | 2
41812 | 2
41769 | 3
46419 | 4
37225 | 3
41748 | 2
41793 | 2
41754 | 2
42222 | 3
41616 | 2
41702 | 2
41670 | 3
41821 | 3
41744 | 2
41843 | 3
41797 | 2
41949 | 5
41605 | 4
41739 | 2
41806 | 3
41751 | 2
41775 | 2
41897 | 3
41728 | 2
41807 | 3
41765 | 28
41825 | 2
41772 | 2
41733 | 3
41798 | 3
43554 | 2
40066 | 3
41918 | 3
41739 | 3
41774 | 2
41767 | 3
41703 | 3
41900 | 2
41761 | 3
41690 | 2
41861 | 3
41773 | 2
41734 | 3
41865 | 2
41775 | 3
41750 | 3
41895 | 3
41731 | 2
41775 | 3
41793 | 2
41859 | 3
41836 | 3
45527 | 2
38084 | 3
42122 | 2
41339 | 2
41788 | 2
43028 | 3
40518 | 2
41808 | 2
41702 | 2
41867 | 3
41819 | 2
41843 | 3
41733 | 2
41764 | 2
41792 | 3
41788 | 2
41989 | 3
41858 | 3
41526 | 2
41863 | 3
42328 | 3
41307 | 2
41772 | 2
41769 | 3
41715 | 2
41903 | 3
41702 | 2
43458 | 2
40110 | 2
41766 | 2
41819 | 2
41824 | 3
41702 | 2
41914 | 2
41705 | 2
41789 | 3
41811 | 2
41682 | 2
41969 | 2
41926 | 2
41967 | 2
41783 | 2
42340 | 3
41183 | 2
42103 | 3
41449 | 3
41717 | 2
41581 | 3
41769 | 3
48955 | 2
34819 | 3
41611 | 2
41856 | 2
41891 | 2
42357 | 2
41386 | 3
41836 | 2
41930 | 3
41722 | 2
51965 | 3
43425 | 2
30411 | 2
42010 | 3
41527 | 2
41068 | 3
41695 | 2
41772 | 2
41818 | 3
41709 | 3
42002 | 3
41683 | 2
41737 | 2
41848 | 2
41756 | 3
41817 | 2
41825 | 3
43460 | 2
39974 | 3
41964 | 2
41882 | 3
41690 | 3
41917 | 2
41652 | 2
41778 | 2
41784 | 2
41788 | 2
41735 | 3
41790 | 2
41887 | 2
41683 | 2
41894 | 3
41735 | 2
41757 | 3
41908 | 4
41750 | 2
41810 | 3
41701 | 3
41796 | 2
45588 | 3
38113 | 2
41759 | 3
41774 | 2
41788 | 2
42203 | 3
41311 | 2
41787 | 3
41721 | 2
42069 | 3
41727 | 3
41808 | 2
41770 | 3
42394 | 2
41257 | 3
41715 | 2
41826 | 2
41827 | 3
41860 | 3
41724 | 2
41780 | 3
41838 | 2
41670 | 3
42063 | 2
41591 | 3
41788 | 2
41752 | 3
43708 | 2
39810 | 4
41986 | 3
41678 | 3
41752 | 2
42664 | 2
40917 | 2
41804 | 4
41844 | 2
41734 | 2
41839 | 3
41948 | 2
41635 | 2
41764 | 3
41766 | 2
41800 | 3
41788 | 2
41830 | 3
41849 | 3
41709 | 2
41850 | 3
41649 | 3
45205 | 3
38522 | 4
41714 | 3
41786 | 2
41850 | 3
42295 | 3
41265 | 2
41762 | 3
41740 | 2
41867 | 3
41818 | 3
42208 | 3
41318 | 2
42156 | 3
41892 | 3
41906 | 2
41785 | 3
41703 | 3
41649 | 4
41635 | 2
42165 | 3
41740 | 2
41283 | 2
41812 | 3
41774 | 3
41785 | 2
41763 | 2
43133 | 3
40454 | 3
41910 | 2
41744 | 3
41727 | 2
43312 | 2
40864 | 3
41215 | 3
41766 | 2
41799 | 2
42008 | 2
41548 | 3
41927 | 2
41712 | 3
41781 | 2
41774 | 2
41831 | 2
41972 | 2
41596 | 2
41767 | 2
41802 | 3
41921 | 3
44905 | 2
38394 | 2
41773 | 2
41946 | 3
41729 | 3
41774 | 2
41777 | 3
41731 | 2
41753 | 2
41823 | 3
41735 | 2
41902 | 2
41712 | 2
41790 | 3
41809 | 2
41793 | 3
41816 | 2
41742 | 2
41806 | 2
41798 | 2
41883 | 3
41827 | 2
41748 | 2
41756 | 2
41766 | 3
41816 | 3
41760 | 2
43190 | 3
40304 | 3
41871 | 2
42232 | 2
41340 | 2
42278 | 2
41380 | 2
41713 | 2
41851 | 3
41846 | 2
41731 | 3
41818 | 3
41767 | 2
41767 | 3
41750 | 2
41804 | 2
41852 | 3
41715 | 2
41846 | 3
41776 | 2
41769 | 2
41797 | 3
45289 | 2
38303 | 3
41848 | 2
41705 | 2
41882 | 2
41787 | 3
41788 | 2
41786 | 2
41744 | 2
41759 | 2
42207 | 3
41374 | 2
41793 | 3
41842 | 2
41753 | 2
42345 | 3
41229 | 2
41861 | 2
41755 | 2
41740 | 2
41799 | 3
41909 | 2
41775 | 2
41915 | 3
41633 | 3
41749 | 3
41850 | 3
43415 | 3
40084 | 3
41801 | 2
41836 | 3
41737 | 2
42287 | 3
41827 | 3
41797 | 2
41252 | 2
41782 | 3
41748 | 2
41994 | 2
41677 | 3
41839 | 3
41745 | 2
41765 | 3
41793 | 3
41836 | 3
41714 | 3
41782 | 2
41786 | 3
41819 | 3
45162 | 2
38509 | 3
41713 | 2
41762 | 3
41788 | 2
42050 | 2
41961 | 3
41457 | 2
41859 | 2
41666 | 3
42990 | 2
40653 | 3
41529 | 2
41756 | 2
41763 | 3
43031 | 3
40575 | 3
41795 | 2
41790 | 3
41752 | 2
41890 | 3
41748 | 3
41744 | 2
41797 | 3
41784 | 2
41807 | 2
41718 | 2
43168 | 3
40562 | 2
41711 | 3
41797 | 2
41801 | 3
41850 | 3
41978 | 2
41528 | 3
41798 | 3
41798 | 2
44520 | 2
39044 | 3
41779 | 3
41822 | 2
41799 | 3
42222 | 2
41313 | 2
41816 | 3
41790 | 2
42260 | 3
41430 | 2
41912 | 3
47407 | 3
36666 | 3
41806 | 3
41751 | 2
41923 | 2
42946 | 3
40358 | 2
41893 | 3
41953 | 2
42429 | 2
41466 | 2
41329 | 3
41665 | 2
42398 | 3
41255 | 2
42172 | 2
41532 | 3
41314 | 3
41752 | 3
41813 | 2
41837 | 3
41748 | 2
41762 | 2
41929 | 3
41762 | 3
41769 | 3
41785 | 2
43053 | 3
40433 | 2
41807 | 3
41789 | 2
41847 | 3
41743 | 3
42403 | 2
41231 | 3
41733 | 2
41841 | 2
41754 | 3
41763 | 2
41826 | 2
41873 | 3
41786 | 2
41767 | 3
41804 | 2
41712 | 2
41792 | 3
41843 | 3
41760 | 2
41771 | 2
45278 | 3
38346 | 2
41820 | 2
41702 | 3
41803 | 2
41777 | 3
41845 | 3
41721 | 3
41893 | 3
41800 | 2
42166 | 3
41387 | 2
41724 | 3
42087 | 3
41560 | 3
41687 | 2
41819 | 3
41809 | 3
41800 | 3
41716 | 2
41858 | 2
41848 | 2
41713 | 3
41826 | 3
41867 | 4
41794 | 2
41771 | 3
43127 | 2
40487 | 2
41676 | 3
41795 | 2
42413 | 2
41141 | 3
42080 | 3
41534 | 2
41858 | 2
41711 | 2
42519 | 3
41040 | 3
43608 | 2
40005 | 3
41858 | 3
41779 | 3
41851 | 3
41818 | 2
41710 | 3
41705 | 3
41796 | 2
41746 | 2
45394 | 2
38328 | 3
41779 | 2
41720 | 2
41813 | 2
41751 | 2
41826 | 2
41763 | 3
41723 | 3
41819 | 3
42383 | 3
41341 | 3
41822 | 4
41656 | 2
41791 | 2
41755 | 2
41851 | 3
41756 | 3
41860 | 2
41750 | 3
41767 | 2
41826 | 2
41764 | 2
41757 | 2
41830 | 3
41772 | 3
41978 | 3
43066 | 2
40369 | 2
41824 | 3
42741 | 2
40781 | 2
42680 | 3
41219 | 3
42324 | 2
41278 | 3
41579 | 2
43074 | 3
40514 | 2
41595 | 3
41854 | 2
42069 | 2
41586 | 2
41805 | 2
41786 | 2
41795 | 3
41743 | 2
41778 | 2
41724 | 3
45425 | 3
38207 | 2
41765 | 3
41782 | 2
41843 | 3
41754 | 3
41802 | 3
41829 | 2
41680 | 2
41994 | 2
41709 | 3
41823 | 2
41783 | 3
41798 | 3
41732 | 2
41878 | 3
41682 | 2
41774 | 3
41787 | 2
41730 | 3
41953 | 2
41731 | 3
41778 | 2
41832 | 2
41702 | 3
42200 | 2
41789 | 2
44900 | 3
39046 | 2
41610 | 3
41613 | 3
41790 | 2
46232 | 3
38752 | 2
40001 | 3
41824 | 2
41787 | 2
42252 | 2
41326 | 2
41827 | 3
41799 | 3
41747 | 2
41773 | 3
41880 | 2
41806 | 2
41763 | 3
41860 | 2
41703 | 2
41802 | 3
48735 | 2
34826 | 2
41836 | 3
41752 | 2
41730 | 2
41810 | 2
41787 | 3
41848 | 3
41739 | 2
41770 | 2
41788 | 3
41893 | 4
41859 | 3
41741 | 3
41789 | 3
42038 | 2
41425 | 2
41823 | 3
41785 | 2
41717 | 3
41826 | 2
41838 | 3
41774 | 2
41880 | 3
41714 | 2
41764 | 3
41802 | 2
43241 | 3
40423 | 2
41800 | 2
41852 | 3
41716 | 2
41731 | 2
42078 | 2
41580 | 2
41654 | 2
41826 | 3
42282 | 2
41384 | 2
41782 | 2
41739 | 3
41759 | 3
41782 | 2
41810 | 3
41790 | 2
42297 | 2
41420 | 2
41737 | 2
41828 | 2
45285 | 2
38218 | 2
41759 | 3
41753 | 2
41825 | 2
41864 | 2
41753 | 2
41762 | 3
41741 | 2
41857 | 3
41734 | 2
41831 | 3
41765 | 2
41952 | 3
41737 | 3
42724 | 2
40881 | 2
41748 | 2
41726 | 2
41769 | 3
41800 | 2
42135 | 3
41505 | 3
41803 | 2
41736 | 2
41790 | 3
41753 | 2
43262 | 2
40276 | 2
41946 | 2
41796 | 2
41863 | 2
41744 | 2
42010 | 3
41437 | 2
41806 | 3
41819 | 2
42183 | 2
41510 | 2
41716 | 3
41706 | 2
41572 | 3
41997 | 2
41842 | 3
41789 | 2
41729 | 2
41906 | 2
41865 | 2
41440 | 3
45358 | 3
38479 | 3
41822 | 3
41911 | 3
42519 | 2
42574 | 3
40613 | 2
42319 | 2
41080 | 3
42137 | 3
41799 | 3
41553 | 2
42263 | 3
41265 | 3
42236 | 2
42155 | 2
41119 | 2
42092 | 2
42265 | 3
42242 | 2
40337 | 2
41677 | 3
41755 | 3
41770 | 2
41944 | 3
41676 | 3
41578 | 2
43296 | 3
40533 | 2
41773 | 3
41788 | 2
41775 | 2
41755 | 3
41542 | 3
42147 | 2
41673 | 3
42084 | 2
41572 | 2
41731 | 3
41767 | 2
41627 | 2
42032 | 2
41855 | 2
41674 | 3
41843 | 2
41803 | 2
41495 | 3
41798 | 2
41966 | 3
45493 | 2
38301 | 2
41669 | 2
41915 | 2
41391 | 2
42104 | 3
41763 | 2
41733 | 2
41805 | 3
41832 | 2
41684 | 2
41633 | 3
42058 | 2
41787 | 3
41733 | 2
42474 | 2
41105 | 3
41855 | 2
42454 | 3
41082 | 3
41742 | 2
41925 | 2
41705 | 3
41839 | 2
41758 | 3
41846 | 3
42908 | 3
47524 | 3
34824 | 3
41980 | 2
44326 | 2
39128 | 2
45987 | 3
37516 | 3
41957 | 3
41728 | 2
41732 | 3
41907 | 2
41738 | 2
41734 | 2
41797 | 2
43585 | 2
40491 | 2
41177 | 2
41769 | 3
41784 | 2
41784 | 2
41770 | 2
41834 | 2
44034 | 3
39686 | 2
41735 | 2
41751 | 2
41785 | 2
41743 | 2
41772 | 2
41790 | 2
41747 | 3
41826 | 2
41788 | 3
41852 | 2
41797 | 2
41730 | 3
41813 | 2
42270 | 3
41283 | 2
41959 | 2
46417 | 2
37196 | 3
41623 | 3
41827 | 2
42217 | 3
42627 | 2
40908 | 3
41633 | 3
42069 | 6
43301 | 3
39747 | 3
43011 | 2
47475 | 3
35062 | 3
41604 | 2
42322 | 2
42909 | 2
40618 | 3
41384 | 2
41962 | 3
47717 | 2
35805 | 3
41829 | 2
41572 | 3
45401 | 2
38170 | 2
41838 | 3
41720 | 2
41862 | 2
41739 | 2
41808 | 3
45476 | 2
43204 | 3
36672 | 2
41805 | 2
41840 | 3
41718 | 3
41886 | 3
41774 | 2
41811 | 3
41947 | 3
41666 | 2
41658 | 3
41793 | 2
41875 | 2
41694 | 2
42356 | 2
41371 | 2
41662 | 3
41795 | 2
41770 | 4
41756 | 3
41886 | 2
41749 | 2
41785 | 3
41884 | 3
41831 | 3
42116 | 2
43107 | 2
40294 | 2
41534 | 2
41788 | 2
41758 | 3
41806 | 2
42079 | 2
41530 | 2
42198 | 3
41431 | 3
41882 | 3
42203 | 2
41482 | 3
41516 | 3
43396 | 3
40685 | 2
41776 | 2
41868 | 2
41637 | 2
41465 | 2
41729 | 3
42026 | 3
47628 | 3
35959 | 3
41520 | 3
41956 | 2
41659 | 3
44106 | 2
39879 | 3
42190 | 3
41002 | 3
41779 | 2
41709 | 3
41842 | 3
41880 | 2
42361 | 2
41242 | 3
41750 | 2
41776 | 3
41790 | 4
41770 | 3
41829 | 2
41972 | 2
41591 | 2
41785 | 2
41749 | 2
42033 | 2
41582 | 2
41756 | 3
44539 | 2
38974 | 3
41963 | 2
41799 | 2
41727 | 3
41887 | 2
41742 | 3
41742 | 2
41746 | 2
41781 | 2
41867 | 3
41774 | 2
41769 | 3
41842 | 4
41765 | 2
42561 | 5
41355 | 3
41729 | 2
41973 | 3
41818 | 2
41745 | 3
41893 | 2
46460 | 3
37232 | 3
41444 | 2
41479 | 3
41733 | 2
41809 | 2
41905 | 3
41664 | 2
41709 | 2
41856 | 2
42251 | 2
41348 | 2
41799 | 2
41792 | 3
41822 | 2
41771 | 2
41740 | 2
41950 | 3
41746 | 3
41789 | 2
42665 | 2
40884 | 3
41805 | 3
41737 | 3
41776 | 2
41780 | 4
41896 | 2
43332 | 3
40090 | 3
41854 | 2
41820 | 2
41819 | 2
41749 | 2
41846 | 2
41750 | 3
41858 | 2
41795 | 2
41781 | 2
41786 | 3
41832 | 2
41681 | 3
41794 | 2
42182 | 3
41418 | 3
41771 | 2
41777 | 3
41783 | 2
41855 | 3
41887 | 3
45381 | 3
38085 | 2
41741 | 2
41793 | 2
41896 | 3
41802 | 2
41848 | 2
41702 | 2
41764 | 3
41857 | 3
42558 | 2
40925 | 2
41752 | 2
41763 | 2
41829 | 3
42140 | 3
41470 | 2
42008 | 3
41670 | 2
41685 | 3
42548 | 2
41055 | 2
41742 | 2
42036 | 3
42148 | 3
41348 | 3
41794 | 3
43623 | 2
39844 | 2
41780 | 3
41777 | 2
41859 | 2
41725 | 2
41788 | 2
41985 | 3
41594 | 3
41845 | 2
41697 | 3
41825 | 2
41728 | 3
42208 | 2
42097 | 2
41278 | 2
41814 | 3
41774 | 3
41726 | 3
41966 | 2
41837 | 2
41531 | 3
47278 | 3
36301 | 2
41716 | 3
42846 | 3
40812 | 3
43807 | 3
39732 | 2
41759 | 2
41766 | 2
42456 | 2
41128 | 2
43643 | 3
40070 | 2
47703 | 2
35850 | 2
41956 | 2
41703 | 3
42336 | 3
41412 | 3
41538 | 2
42150 | 3
41681 | 3
41570 | 2
41969 | 2
41675 | 2
41640 | 4
41788 | 2
43559 | 2
40040 | 3
41880 | 2
41792 | 2
41788 | 3
41834 | 2
41720 | 2
42491 | 3
41106 | 2
41719 | 3
42208 | 2
41378 | 3
41815 | 3
41755 | 3
42190 | 2
41831 | 2
41369 | 3
41752 | 2
42170 | 2
41623 | 3
43049 | 2
40700 | 3
45346 | 2
38107 | 3
41633 | 2
42214 | 3
41770 | 3
41119 | 2
41889 | 2
41675 | 3
41798 | 3
41855 | 3
41680 | 2
41832 | 3
42061 | 2
41719 | 2
41805 | 2
41799 | 3
41756 | 2
41898 | 2
41903 | 3
42079 | 3
41801 | 2
41887 | 2
41450 | 3
41951 | 2
41679 | 2
41741 | 3
42141 | 2
45966 | 3
37299 | 2
41927 | 2
41898 | 3
41605 | 3
42939 | 3
40631 | 2
41987 | 2
42020 | 3
41651 | 2
41678 | 2
41786 | 2
41561 | 2
41860 | 2
41942 | 4
41662 | 2
41454 | 3
41847 | 2
41734 | 3
41770 | 2
43110 | 2
40485 | 3
45626 | 2
37991 | 3
42242 | 3
41411 | 2
41774 | 2
41761 | 3
41862 | 2
41728 | 2
41833 | 3
41685 | 2
41747 | 2
41821 | 3
41793 | 3
41772 | 3
41816 | 2
41807 | 2
41779 | 3
41780 | 3
41790 | 2
41803 | 2
42317 | 3
41309 | 2
41693 | 3
42082 | 2
41721 | 2
41622 | 4
41877 | 2
44301 | 3
39122 | 2
42295 | 2
41350 | 3
42085 | 3
41510 | 2
41828 | 3
41793 | 3
41858 | 2
41682 | 2
41956 | 3
41741 | 2
41654 | 3
42124 | 2
41570 | 2
42015 | 3
41547 | 2
41768 | 3
42189 | 2
41637 | 3
42177 | 3
41706 | 2
45021 | 2
38024 | 3
41766 | 3
41820 | 3
41723 | 2
46461 | 3
37071 | 2
41780 | 2
41841 | 3
42115 | 2
42061 | 2
41573 | 3
41589 | 2
42122 | 2
41492 | 2
42010 | 2
41589 | 3
41539 | 3
41828 | 3
41728 | 2
41877 | 2
41833 | 2
41740 | 2
41857 | 2
41635 | 2
41741 | 2
41956 | 2
43486 | 3
40158 | 2
41764 | 3
41803 | 2
41839 | 2
41722 | 3
41727 | 2
41841 | 3
42040 | 2
41323 | 3
41723 | 3
41798 | 3
41773 | 2
41835 | 2
41758 | 3
41798 | 2
41834 | 2
41760 | 3
41977 | 3
41714 | 2
41810 | 2
41713 | 3
45782 | 2
37977 | 3
41733 | 3
42875 | 2
40664 | 3
41793 | 2
41806 | 3
41849 | 3
41627 | 2
41778 | 3
42018 | 3
42013 | 2
41453 | 2
41765 | 3
41790 | 3
42060 | 2
42090 | 2
41266 | 2
41820 | 3
42024 | 3
41508 | 3
41822 | 2
41780 | 3
41751 | 3
41802 | 3
43049 | 3
43877 | 3
40551 | 3
39854 | 2
41862 | 3
41856 | 3
41786 | 2
41919 | 2
41654 | 2
41761 | 2
41770 | 3
41803 | 3
41778 | 2
41939 | 3
41606 | 2
41857 | 3
41841 | 3
41716 | 2
41816 | 2
41756 | 2
41792 | 3
41792 | 2
42375 | 2
41222 | 4
45619 | 4
38028 | 2
41729 | 3
41715 | 3
41857 | 3
44032 | 3
40331 | 24
41635 | 2
41483 | 2
42002 | 3
41235 | 2
41786 | 3
41786 | 2
41864 | 3
41715 | 2
41854 | 3
41766 | 2
41734 | 2
41851 | 2
41658 | 2
42006 | 2
41695 | 2
42191 | 2
41359 | 3
41778 | 3
43374 | 3
40279 | 3
43552 | 3
40505 | 2
41335 | 3
41794 | 2
41712 | 3
41816 | 2
41781 | 2
41762 | 3
41827 | 3
41631 | 2
41775 | 2
41761 | 2
41904 | 2
41848 | 2
41738 | 2
41782 | 2
41721 | 2
41797 | 2
41828 | 3
41789 | 2
41823 | 3
41650 | 2
45706 | 3
37968 | 4
42545 | 3
41047 | 2
41728 | 2
41781 | 2
41784 | 2
41925 | 2
41787 | 2
41774 | 2
41749 | 2
41880 | 2
41668 | 3
41804 | 3
41840 | 3
41697 | 2
41803 | 3
41838 | 2
41774 | 2
41728 | 2
41824 | 2
42127 | 3
41446 | 2
42082 | 3
41616 | 3
42221 | 2
41334 | 3
43730 | 2
39780 | 3
41806 | 3
41809 | 2
41714 | 3
41910 | 3
41744 | 2
41840 | 3
41693 | 2
41823 | 2
41788 | 2
41790 | 2
41795 | 2
41896 | 2
41750 | 3
41851 | 2
41711 | 2
41763 | 2
41845 | 2
41726 | 3
41772 | 3
41808 | 2
45697 | 3
37927 | 2
41732 | 3
43584 | 3
41210 | 2
43985 | 2
38684 | 2
42073 | 3
42714 | 2
40541 | 3
42162 | 2
41254 | 2
41767 | 2
41727 | 3
41782 | 3
41785 | 2
41791 | 3
42826 | 2
40783 | 2
41792 | 2
41823 | 2
41766 | 3
41835 | 3
41717 | 2
41779 | 2
42294 | 3
41349 | 2
43794 | 3
39825 | 3
41717 | 2
41820 | 3
41751 | 2
41788 | 3
41803 | 3
41813 | 3
41767 | 3
41834 | 2
41749 | 3
41800 | 3
41785 | 3
41738 | 2
41903 | 3
41921 | 2
41745 | 2
41753 | 3
41702 | 2
42537 | 2
41043 | 3
41905 | 3
45547 | 3
38855 | 2
40851 | 3
42826 | 2
40727 | 3
41838 | 3
41731 | 2
42078 | 2
41766 | 3
41675 | 3
42052 | 2
41585 | 3
41668 | 3
41721 | 2
41805 | 2
42230 | 3
41346 | 2
41817 | 3
41723 | 3
42291 | 2
41720 | 2
41388 | 2
41800 | 3
41858 | 3
42049 | 3
41982 | 2
41956 | 2
45367 | 3
37917 | 3
41719 | 2
41770 | 2
41670 | 2
43986 | 3
39698 | 2
41619 | 2
41704 | 3
41985 | 2
41942 | 2
41581 | 3
42312 | 2
41486 | 3
41794 | 2
41825 | 2
42011 | 2
41981 | 3
41155 | 2
41774 | 3
42679 | 3
40509 | 2
45695 | 3
38077 | 2
41624 | 3
42975 | 2
40623 | 2
41930 | 3
41626 | 2
41808 | 2
42634 | 3
41471 | 3
41240 | 3
41784 | 2
41872 | 2
41698 | 3
42012 | 2
41611 | 2
41780 | 2
41792 | 2
41862 | 2
41721 | 2
41781 | 2
41826 | 2
41776 | 2
41782 | 2
41878 | 2
41686 | 2
41802 | 2
43658 | 3
39924 | 3
41958 | 3
42113 | 2
41213 | 2
41893 | 2
41813 | 2
41922 | 3
41630 | 2
41949 | 3
41626 | 2
42037 | 2
41734 | 2
41843 | 3
41787 | 2
41798 | 3
41888 | 3
41904 | 2
41687 | 3
41771 | 2
42132 | 2
41399 | 3
45670 | 2
38047 | 2
41651 | 2
42153 | 3
42026 | 2
41604 | 3
41355 | 2
41774 | 2
41764 | 3
42162 | 2
41472 | 3
42017 | 2
41771 | 2
41735 | 3
41664 | 2
41737 | 3
42257 | 3
41362 | 2
41778 | 3
41809 | 2
41750 | 3
41814 | 2
41821 | 2
41915 | 2
41605 | 3
43835 | 3
39745 | 2
43793 | 2
39907 | 2
41749 | 2
42397 | 3
41178 | 2
41732 | 3
41800 | 2
41765 | 2
41858 | 2
42298 | 3
41334 | 2
41711 | 2
41746 | 2
41811 | 2
41809 | 3
41833 | 3
41838 | 2
41829 | 3
42043 | 2
41475 | 2
41803 | 3
41787 | 2
45646 | 3
37884 | 3
41777 | 2
42282 | 2
41272 | 3
41837 | 3
41766 | 3
41773 | 2
42278 | 4
41306 | 3
42004 | 2
41665 | 2
41907 | 3
41657 | 2
41801 | 2
41766 | 2
41728 | 3
41848 | 2
41748 | 2
41785 | 4
42121 | 2
41487 | 3
41781 | 3
41773 | 2
41873 | 2
41771 | 2
41723 | 2
43851 | 3
39808 | 2
41809 | 3
43152 | 2
40428 | 3
41718 | 3
41768 | 2
41789 | 2
41746 | 3
41910 | 3
41833 | 3
41676 | 2
41778 | 3
41844 | 2
41843 | 3
41694 | 2
41786 | 2
42199 | 4
41477 | 2
41782 | 3
41837 | 3
41792 | 2
45648 | 2
37850 | 2
41745 | 3
41800 | 2
41801 | 2
41766 | 2
42261 | 2
41426 | 3
41632 | 2
42450 | 3
41142 | 3
41828 | 2
41883 | 3
42079 | 3
41429 | 2
41851 | 3
41759 | 2
41997 | 2
41542 | 2
41757 | 2
41845 | 3
41806 | 2
41761 | 3
41806 | 3
41855 | 3
41719 | 2
41753 | 2
43735 | 3
40104 | 3
41641 | 2
42196 | 2
41384 | 2
41785 | 3
41741 | 2
41784 | 2
42321 | 2
41251 | 3
41770 | 2
41825 | 2
41801 | 2
41829 | 3
41746 | 2
41768 | 3
41794 | 2
41816 | 2
41864 | 3
42029 | 3
41570 | 2
41817 | 3
45867 | 2
37624 | 3
41752 | 2
41768 | 2
41784 | 2
41813 | 2
41844 | 2
41783 | 2
42088 | 3
41424 | 2
41817 | 2
41772 | 3
41930 | 2
41753 | 2
41882 | 2
41895 | 3
41661 | 2
42019 | 3
41408 | 2
41526 | 2
41836 | 2
41820 | 2
41778 | 2
41797 | 2
41751 | 3
41861 | 3
41786 | 2
43639 | 3
40024 | 3
41662 | 3
41768 | 3
41798 | 2
41780 | 3
41850 | 2
41681 | 2
43444 | 3
40213 | 3
41784 | 2
41823 | 3
41831 | 2
41823 | 2
41694 | 3
41772 | 2
41899 | 2
41758 | 3
41723 | 3
41791 | 2
41865 | 3
42007 | 3
45575 | 2
37695 | 3
41744 | 2
41861 | 2
41780 | 2
41814 | 2
41789 | 3
41778 | 3
43410 | 2
40167 | 3
41930 | 2
41675 | 3
41758 | 2
41759 | 2
42318 | 3
41610 | 2
41793 | 2
41777 | 2
41763 | 2
41757 | 2
42053 | 3
41703 | 2
41596 | 2
41864 | 2
41756 | 3
41885 | 2
41681 | 3
43765 | 2
40042 | 2
41608 | 2
42254 | 3
41422 | 2
41715 | 3
41799 | 2
41752 | 3
41976 | 2
41972 | 3
41390 | 3
41960 | 3
41725 | 2
41821 | 3
41875 | 3
42019 | 2
41558 | 3
41679 | 2
42053 | 2
41662 | 2
41695 | 2
41797 | 3
46298 | 3
37283 | 3
41834 | 2
41737 | 3
41891 | 2
41746 | 2
41884 | 3
41700 | 2
42155 | 2
41364 | 2
42316 | 3
41258 | 3
41911 | 2
41930 | 3
41533 | 2
41806 | 3
41772 | 2
41848 | 2
41736 | 2
41775 | 3
41918 | 4
41759 | 3
41735 | 2
41781 | 2
41863 | 3
41742 | 3
41752 | 3
43915 | 2
39924 | 2
41596 | 3
41802 | 2
41756 | 2
41802 | 3
41886 | 2
41685 | 2
41815 | 2
41772 | 3
41983 | 2
41639 | 2
41738 | 2
41782 | 2
41818 | 3
41760 | 2
41864 | 2
41763 | 3
41973 | 3
41619 | 2
41721 | 2
41738 | 2
46605 | 3
37142 | 2
41674 | 3
41823 | 2
42330 | 3
41284 | 2
41946 | 3
41638 | 2
42207 | 2
41322 | 3
41810 | 2
41540 | 3
41796 | 2
41804 | 2
45471 | 2
38109 | 2
41751 | 3
41858 | 2
41746 | 2
41810 | 3
41794 | 2
41824 | 3
41746 | 2
41800 | 2
41761 | 3
41786 | 2
41817 | 3
43884 | 2
39949 | 2
41527 | 3
41643 | 2
41792 | 2
41778 | 3
41913 | 2
41662 | 2
42975 | 2
40600 | 3
41798 | 3
41883 | 2
43834 | 2
39671 | 2
41746 | 2
41847 | 4
41819 | 3
41768 | 2
41763 | 2
41782 | 2
41897 | 2
41718 | 3
45807 | 2
37801 | 3
41737 | 2
41830 | 3
41742 | 2
41797 | 2
41837 | 2
41984 | 2
41477 | 2
42070 | 2
41522 | 2
41869 | 3
41787 | 3
43641 | 3
39950 | 3
41780 | 2
41800 | 3
41909 | 2
41652 | 2
41825 | 2
41748 | 2
42101 | 2
41830 | 3
41757 | 2
41829 | 3
41771 | 2
41803 | 2
43693 | 2
39973 | 2
41607 | 2
41795 | 2
41887 | 2
41834 | 3
42018 | 3
41539 | 2
42868 | 3
40758 | 2
41642 | 3
41788 | 2
41772 | 3
41844 | 2
41759 | 3
41923 | 3
41772 | 2
41736 | 2
41783 | 2
41809 | 3
41737 | 3
41801 | 2
45863 | 2
37714 | 3
41770 | 3
41800 | 2
41776 | 3
41784 | 2
41787 | 2
41867 | 3
42789 | 3
41093 | 3
41748 | 2
41489 | 2
41845 | 3
42032 | 2
41597 | 2
41758 | 2
41772 | 3
41975 | 2
41551 | 3
41794 | 2
41785 | 2
41780 | 3
41769 | 2
41818 | 2
41806 | 3
41777 | 3
41797 | 2
43757 | 2
40321 | 3
41274 | 3
41798 | 2
41772 | 3
41949 | 3
41866 | 3
41663 | 2
42192 | 3
41341 | 3
41756 | 3
41786 | 4
41727 | 3
41853 | 2
41798 | 2
41785 | 3
41858 | 2
41745 | 2
41832 | 2
41718 | 2
41797 | 2
41729 | 3
46019 | 2
37829 | 2
41684 | 2
41784 | 2
41767 | 3
41821 | 2
41764 | 2
41824 | 2
41717 | 3
41845 | 2
42190 | 3
41346 | 2
42031 | 2
41773 | 2
41532 | 2
41777 | 3
41855 | 2
41845 | 2
41712 | 2
42047 | 3
41508 | 2
41900 | 3
41793 | 2
41751 | 2
41818 | 3
41776 | 2
41756 | 3
43823 | 2
39654 | 2
41851 | 3
41725 | 2
41885 | 3
41749 | 2
41806 | 3
41918 | 3
42153 | 2
41730 | 2
41356 | 3
42001 | 3
41527 | 3
41801 | 3
41912 | 2
41817 | 3
41892 | 3
41667 | 3
41760 | 2
41911 | 5
41653 | 3
41727 | 4
46069 | 3
37597 | 3
41687 | 2
41815 | 3
41829 | 2
41859 | 2
41719 | 2
41786 | 2
41823 | 2
41735 | 2
42207 | 3
41482 | 2
41890 | 2
42507 | 2
41063 | 3
49062 | 2
34345 | 3
42094 | 2
41488 | 2
41775 | 3
41848 | 2
41818 | 2
41712 | 2
41778 | 2
41843 | 3
41775 | 3
41792 | 3
43956 | 2
39548 | 3
41833 | 2
41927 | 3
41762 | 3
41853 | 2
41716 | 2
41739 | 2
42235 | 3
41407 | 2
42511 | 2
40977 | 2
44126 | 2
39412 | 2
41861 | 3
41794 | 3
41754 | 3
41822 | 3
41773 | 3
41752 | 3
41821 | 2
41763 | 2
46003 | 2
37740 | 2
41753 | 2
41850 | 2
41716 | 3
41778 | 2
41715 | 3
41875 | 3
41721 | 2
41798 | 2
41741 | 3
41805 | 2
42128 | 2
41962 | 3
41371 | 3
41829 | 2
41726 | 3
42045 | 3
41493 | 3
41780 | 2
41902 | 2
41800 | 2
41828 | 3
41752 | 2
41781 | 3
41745 | 2
41763 | 3
43814 | 2
39739 | 2
41889 | 2
41704 | 3
41813 | 2
41759 | 2
41825 | 3
41783 | 2
41773 | 2
41797 | 3
42088 | 3
41908 | 3
44395 | 2
39000 | 3
41634 | 2
41842 | 2
41741 | 2
41746 | 3
42280 | 2
41271 | 3
41779 | 2
41848 | 4
46103 | 3
37504 | 3
41714 | 3
41797 | 2
41789 | 3
41855 | 2
41722 | 3
41782 | 3
41806 | 2
41783 | 2
41737 | 2
42007 | 3
41714 | 3
42213 | 2
41473 | 2
41899 | 2
41938 | 2
42089 | 3
41049 | 3
41790 | 3
41791 | 2
41821 | 3
41827 | 3
41744 | 2
41791 | 2
41779 | 2
41737 | 2
44156 | 3
39929 | 3
41420 | 2
41848 | 2
75660 | 2
7862 | 3
41776 | 2
41766 | 2
41741 | 3
41791 | 2
41791 | 2
41842 | 3
41749 | 2
43432 | 2
40465 | 3
41634 | 3
41639 | 2
41794 | 2
41772 | 2
41795 | 3
42431 | 2
41130 | 3
46104 | 2
37612 | 3
41768 | 3
41786 | 2
41729 | 3
41791 | 3
41756 | 2
41789 | 2
41788 | 3
41799 | 2
41831 | 3
41749 | 2
41787 | 2
42339 | 30
41227 | 2
41803 | 2
42314 | 2
42007 | 2
43039 | 2
40163 | 2
41591 | 3
41802 | 2
41687 | 3
41748 | 3
41803 | 3
41804 | 2
42125 | 2
43934 | 3
39197 | 3
41880 | 3
41787 | 2
41776 | 2
41751 | 3
41869 | 3
41744 | 3
41794 | 2
41859 | 2
41700 | 2
42022 | 3
44443 | 2
40139 | 2
41086 | 3
43233 | 2
40190 | 2
42332 | 2
41366 | 3
41818 | 3
41343 | 3
41619 | 3
46243 | 2
37550 | 3
41699 | 3
42278 | 2
41388 | 3
41775 | 2
41709 | 2
41780 | 2
41805 | 2
41866 | 3
41956 | 3
41767 | 3
41681 | 3
42146 | 2
41399 | 2
41821 | 3
41732 | 3
42192 | 2
41383 | 3
41755 | 2
41803 | 2
42221 | 2
41518 | 3
41622 | 2
42295 | 3
41544 | 3
42102 | 2
48403 | 2
34920 | 3
42046 | 3
41324 | 2
41785 | 3
41759 | 3
41747 | 3
41748 | 2
41843 | 3
41768 | 2
41877 | 2
41736 | 2
41761 | 3
42405 | 3
41229 | 4
42254 | 3
41768 | 2
41666 | 3
41879 | 2
41789 | 4
41633 | 3
41595 | 4
46034 | 2
37622 | 2
41676 | 2
41820 | 2
41691 | 3
41900 | 3
41665 | 2
41873 | 2
41704 | 2
41811 | 3
41755 | 3
41830 | 2
41806 | 2
41824 | 3
41824 | 3
41756 | 2
41741 | 3
41989 | 2
42444 | 2
41149 | 2
42013 | 2
41607 | 2
41845 | 2
41793 | 3
41785 | 3
41738 | 3
42016 | 3
43479 | 2
39879 | 2
41549 | 2
41791 | 2
41887 | 2
41712 | 2
42024 | 2
41746 | 2
41805 | 2
41729 | 2
41839 | 3
41819 | 3
44012 | 2
39966 | 3
41451 | 2
41771 | 2
42482 | 3
41254 | 2
41744 | 3
42109 | 3
41641 | 2
41963 | 3
48490 | 2
34925 | 3
41859 | 2
41678 | 2
42645 | 2
40759 | 3
41662 | 3
41738 | 2
41799 | 2
41892 | 2
41750 | 2
41801 | 3
41741 | 2
41754 | 2
41854 | 2
41858 | 2
41867 | 3
41622 | 2
43067 | 2
40814 | 2
41918 | 3
41662 | 3
42823 | 2
41042 | 2
42797 | 4
40875 | 3
41602 | 3
50658 | 2
33432 | 3
41188 | 2
42063 | 2
41135 | 2
44890 | 2
38703 | 2
41880 | 2
41650 | 3
41906 | 2
41761 | 2
41728 | 2
44055 | 2
40106 | 3
41463 | 2
41744 | 3
41613 | 2
42298 | 2
41869 | 2
41570 | 2
42138 | 3
41564 | 2
42063 | 2
41404 | 2
41817 | 3
41970 | 3
41648 | 2
53514 | 2
29749 | 2
41685 | 3
41751 | 3
41798 | 2
42425 | 3
41235 | 3
41715 | 3
41827 | 3
41881 | 2
41647 | 2
41801 | 3
41913 | 3
43326 | 2
40140 | 3
42225 | 2
41743 | 2
41952 | 3
41976 | 2
41975 | 3
40874 | 3
41831 | 2
50037 | 3
34203 | 3
41302 | 3
42272 | 2
41206 | 3
41636 | 2
41892 | 3
41663 | 2
42025 | 2
41469 | 3
41777 | 3
41815 | 3
41765 | 2
41832 | 2
41773 | 3
41749 | 3
41818 | 2
41828 | 3
42810 | 2
41090 | 2
41850 | 2
41638 | 2
41646 | 2
42287 | 3
41633 | 3
41551 | 3
41713 | 2
47143 | 3
36787 | 2
41837 | 2
41809 | 2
41661 | 2
41388 | 2
41865 | 2
41845 | 2
41723 | 4
41735 | 2
41830 | 2
42660 | 3
40912 | 2
42126 | 2
41369 | 2
41826 | 2
42242 | 3
41984 | 3
41432 | 3
41828 | 3
42127 | 2
41526 | 2
47234 | 3
36179 | 2
41715 | 3
41825 | 2
41796 | 4
42349 | 3
41078 | 3
41802 | 2
41749 | 2
42080 | 2
41499 | 2
42121 | 2
41554 | 3
41830 | 2
41732 | 2
41733 | 2
42282 | 3
41361 | 2
42038 | 2
42032 | 2
41922 | 3
41347 | 4
41700 | 2
42092 | 3
41730 | 2
41626 | 2
42004 | 3
42804 | 3
40840 | 2
41529 | 3
42330 | 2
41000 | 3
41770 | 2
41824 | 3
41830 | 3
41720 | 3
41947 | 2
41870 | 3
41573 | 2
41760 | 3
42315 | 3
41381 | 3
41795 | 3
41751 | 2
41759 | 2
41862 | 2
41840 | 3
41660 | 3
41817 | 3
44148 | 2
39370 | 2
42118 | 2
42125 | 3
41878 | 3
41395 | 2
41577 | 2
42085 | 2
41899 | 2
43101 | 3
40604 | 2
41569 | 3
42232 | 3
40941 | 2
41783 | 2
41887 | 3
41707 | 2
41765 | 3
42927 | 2
40754 | 2
41802 | 2
41776 | 2
41683 | 2
41913 | 2
41819 | 2
69377 | 3
16014 | 3
42480 | 3
39321 | 2
42448 | 2
41396 | 3
41631 | 2
43275 | 3
40391 | 3
42364 | 2
40938 | 3
41729 | 2
41799 | 3
41740 | 2
41846 | 2
42328 | 2
41319 | 4
41781 | 2
41746 | 3
41754 | 3
41769 | 3
42157 | 4
41871 | 3
41495 | 2
48187 | 3
35470 | 3
42001 | 2
41743 | 2
41876 | 3
43483 | 2
40104 | 2
41773 | 3
46626 | 3
37060 | 2
41873 | 3
41246 | 2
41789 | 2
41821 | 2
41774 | 3
41710 | 2
41858 | 3
41740 | 2
42157 | 2
41427 | 2
41786 | 2
41794 | 2
46249 | 3
37409 | 2
41711 | 3
42166 | 2
42343 | 3
43235 | 2
40357 | 2
41114 | 3
41921 | 3
42318 | 3
41140 | 2
42044 | 3
41704 | 2
41886 | 3
41790 | 2
41239 | 2
41798 | 3
41900 | 2
41804 | 3
41735 | 2
41825 | 2
41758 | 4
41811 | 3
41729 | 2
41786 | 3
42041 | 2
41979 | 2
43723 | 3
39884 | 3
41695 | 2
41658 | 3
41988 | 2
43942 | 2
39506 | 2
41928 | 2
42291 | 3
41033 | 3
41754 | 2
41917 | 2
41630 | 2
41642 | 2
41762 | 4
41646 | 3
41763 | 3
41904 | 2
41667 | 2
41785 | 3
41813 | 2
42031 | 3
41825 | 3
41771 | 2
41874 | 3
41659 | 2
42368 | 3
43816 | 2
39706 | 2
41702 | 2
41920 | 3
41544 | 2
41850 | 2
41805 | 3
41670 | 3
41784 | 2
41826 | 2
41796 | 3
41628 | 2
41731 | 3
41741 | 3
41789 | 3
41793 | 2
41811 | 2
41759 | 3
42486 | 2
41203 | 2
41777 | 3
41874 | 2
44304 | 2
39110 | 3
42310 | 3
42260 | 3
41160 | 2
44125 | 3
39246 | 2
42271 | 2
41569 | 2
42612 | 2
40839 | 3
42004 | 2
41611 | 3
41679 | 2
41593 | 3
41831 | 3
41769 | 2
41747 | 2
42299 | 2
41444 | 3
41677 | 3
41786 | 2
41794 | 2
41776 | 3
42011 | 3
43199 | 3
40242 | 3
44635 | 2
39402 | 3
41440 | 2
41849 | 3
41717 | 2
42791 | 2
40856 | 2
41742 | 2
41714 | 2
42472 | 3
41326 | 2
42182 | 3
41387 | 3
41547 | 3
41766 | 2
41808 | 2
41742 | 2
41753 | 2
43084 | 3
40894 | 2
41509 | 3
41709 | 2
44217 | 3
39577 | 2
41541 | 3
42247 | 2
41903 | 2
42238 | 2
41328 | 3
41814 | 2
41759 | 2
42234 | 3
41748 | 3
41381 | 3
41724 | 2
41730 | 3
41769 | 3
41615 | 2
41578 | 3
41902 | 3
42268 | 3
41305 | 2
42204 | 2
41342 | 3
41749 | 2
41749 | 2
41892 | 2
41801 | 2
41892 | 3
42065 | 3
41641 | 2
42123 | 2
41350 | 2
41674 | 3
42783 | 2
41282 | 3
41770 | 3
41485 | 2
41882 | 3
42134 | 2
41932 | 2
41476 | 3
41894 | 2
41717 | 2
41286 | 3
41812 | 2
41774 | 3
42316 | 3
41348 | 3
41766 | 3
41792 | 3
42494 | 2
42128 | 3
40797 | 2
41731 | 2
42369 | 2
43539 | 2
39797 | 3
42017 | 3
41564 | 2
41950 | 3
41470 | 2
42304 | 2
42020 | 3
41058 | 2
41854 | 2
42015 | 3
41584 | 2
41551 | 3
41770 | 2
41730 | 2
41802 | 3
41794 | 3
41729 | 3
42157 | 2
41560 | 2
41802 | 3
41882 | 2
42516 | 3
41000 | 2
42187 | 3
41843 | 2
41795 | 3
41715 | 3
42008 | 2
41435 | 2
42278 | 2
41322 | 3
41830 | 3
41722 | 2
42112 | 3
41546 | 2
41386 | 2
41777 | 2
41853 | 3
41771 | 2
42226 | 2
41286 | 3
41853 | 3
41775 | 3
44131 | 2
39400 | 3
42078 | 2
41681 | 2
41863 | 2
43708 | 2
40065 | 2
42127 | 2
41533 | 2
42139 | 3
41322 | 3
41944 | 2
44510 | 3
38685 | 29
42387 | 3
41352 | 2
41732 | 3
41597 | 2
42174 | 3
41421 | 2
41730 | 2
41752 | 3
41766 | 2
42797 | 3
40833 | 3
41862 | 2
41708 | 3
42581 | 2
41272 | 3
41889 | 3
41788 | 2
42612 | 2
41172 | 2
41493 | 3
41931 | 2
41650 | 3
41957 | 2
41490 | 3
41863 | 3
41839 | 2
41748 | 2
41999 | 2
41313 | 2
41799 | 2
41918 | 2
42245 | 3
41369 | 2
41761 | 2
41872 | 2
44332 | 2
39253 | 3
41846 | 3
41913 | 3
41750 | 2
42280 | 3
41898 | 2
41280 | 2
41818 | 2
41811 | 2
42042 | 3
41595 | 2
41978 | 3
41526 | 2
41818 | 3
41702 | 2
42280 | 2
42046 | 2
41151 | 3
41563 | 3
41713 | 2
41876 | 2
41553 | 3
42402 | 2
41325 | 3
41823 | 2
41802 | 2
42101 | 2
41635 | 2
41649 | 3
41745 | 3
42072 | 2
41970 | 2
41722 | 3
41636 | 2
42167 | 3
41603 | 2
41706 | 2
41572 | 2
42210 | 2
41847 | 3
41790 | 2
41511 | 2
41537 | 2
41972 | 2
41602 | 3
41738 | 3
41600 | 2
41947 | 3
44352 | 3
41254 | 2
39797 | 2
41792 | 2
41866 | 2
41928 | 3
41610 | 2
42130 | 2
41664 | 2
41714 | 2
42564 | 3
41356 | 2
41556 | 2
41907 | 2
42224 | 3
41491 | 3
42252 | 2
41345 | 3
41762 | 2
41532 | 2
41517 | 3
41890 | 3
41482 | 3
42385 | 3
41445 | 3
41801 | 2
41852 | 2
42054 | 3
41468 | 4
41552 | 3
41970 | 2
41810 | 3
41881 | 2
42128 | 3
42146 | 2
41281 | 2
42255 | 2
41432 | 2
41868 | 2
42297 | 2
40914 | 2
42229 | 3
41826 | 2
41697 | 2
41992 | 3
41500 | 3
41694 | 3
41450 | 2
41855 | 2
43911 | 3
40045 | 3
41250 | 3
41820 | 2
41779 | 2
41733 | 2
41833 | 3
41610 | 2
42148 | 2
41791 | 2
41665 | 2
42343 | 3
41663 | 2
41988 | 2
41486 | 2
41902 | 2
41567 | 2
41837 | 3
42052 | 2
42145 | 2
41374 | 2
41620 | 3
41648 | 3
42070 | 3
41522 | 2
41695 | 3
41454 | 2
42283 | 2
41482 | 2
41841 | 2
41836 | 2
41814 | 2
41725 | 2
41570 | 4
42006 | 2
42021 | 2
41975 | 3
41161 | 2
42292 | 2
41977 | 3
42023 | 2
41174 | 2
42294 | 2
41352 | 2
41584 | 3
42022 | 2
42403 | 3
41154 | 2
41801 | 2
45408 | 2
39879 | 3
40003 | 3
41734 | 2
41786 | 3
41772 | 2
42378 | 2
41224 | 3
41939 | 3
41398 | 2
42215 | 2
41673 | 2
41729 | 3
42386 | 2
42005 | 3
93670 | 2
477 | 2
30680 | 2
41689 | 3
41904 | 2
41648 | 2
41938 | 3
41935 | 2
42855 | 2
40610 | 2
42127 | 2
41521 | 2
41780 | 3
41404 | 2
41911 | 3
42469 | 3
41139 | 2
41697 | 2
41775 | 3
41799 | 2
41812 | 3
41890 | 2
41701 | 3
41742 | 2
41888 | 3
41682 | 2
41538 | 2
41891 | 2
42140 | 2
41991 | 2
41726 | 2
41541 | 3
41957 | 2
41827 | 3
46510 | 2
41156 | 2
37770 | 2
43034 | 2
41069 | 3
41771 | 2
41015 | 2
41687 | 3
41817 | 2
41849 | 2
41774 | 3
41835 | 2
41790 | 3
41839 | 2
43162 | 2
40621 | 3
42221 | 2
41581 | 3
41536 | 3
41901 | 2
42175 | 2
42284 | 3
40832 | 2
42814 | 2
40873 | 3
41961 | 3
41520 | 3
42522 | 3
40926 | 2
41598 | 3
41801 | 2
41782 | 2
41842 | 3
41785 | 2
41745 | 3
41784 | 2
41848 | 2
41768 | 3
41761 | 2
42151 | 2
41513 | 3
42063 | 2
41843 | 3
41632 | 4
42398 | 2
41144 | 2
42021 | 2
41753 | 2
42027 | 3
46068 | 2
37661 | 2
41281 | 2
42021 | 2
42084 | 2
46691 | 3
38474 | 2
39418 | 3
41758 | 2
41788 | 3
41821 | 2
41953 | 2
41708 | 3
41803 | 3
41825 | 3
42575 | 2
41473 | 2
41384 | 4
41870 | 2
41876 | 3
41715 | 2
41906 | 2
41681 | 2
42375 | 2
41336 | 3
41778 | 2
42274 | 2
43326 | 3
40217 | 2
40996 | 2
41715 | 2
41924 | 2
41861 | 3
41670 | 2
41819 | 3
41867 | 2
41671 | 2
41737 | 2
41801 | 2
41775 | 2
42620 | 2
43527 | 2
39558 | 2
42356 | 2
41492 | 3
41702 | 3
41923 | 2
41544 | 3
42021 | 2
45841 | 3
38271 | 2
41299 | 3
41855 | 2
41286 | 2
41665 | 3
41744 | 3
41841 | 2
41824 | 3
41642 | 2
41818 | 3
41793 | 2
41796 | 3
41946 | 2
41802 | 2
41652 | 2
42242 | 3
41934 | 2
42503 | 2
41053 | 3
41770 | 2
41481 | 3
42207 | 2
41607 | 2
42236 | 3
41110 | 2
41867 | 3
42420 | 3
43180 | 3
39478 | 3
41746 | 2
41775 | 3
41761 | 2
41812 | 2
41895 | 3
41781 | 3
41727 | 2
41799 | 3
41860 | 2
42106 | 2
41428 | 3
42090 | 2
42186 | 3
41381 | 2
41947 | 2
41794 | 2
42087 | 3
41237 | 3
41761 | 2
47728 | 3
35962 | 2
41656 | 3
42209 | 2
41390 | 2
41773 | 3
41639 | 3
41837 | 2
41740 | 2
41791 | 3
41779 | 2
41794 | 3
41852 | 3
41809 | 2
42058 | 3
41526 | 2
41775 | 2
42121 | 2
42373 | 2
40978 | 3
41942 | 2
41733 | 3
41758 | 2
41853 | 3
41656 | 3
42266 | 2
41952 | 3
43469 | 2
40850 | 3
41098 | 2
40929 | 2
42587 | 3
40988 | 2
41976 | 2
41717 | 2
41794 | 3
41823 | 2
41749 | 2
41858 | 2
41764 | 2
41693 | 2
41819 | 3
42121 | 2
41727 | 2
41775 | 2
41661 | 3
42368 | 2
41483 | 3
55196 | 2
32291 | 3
38039 | 2
41408 | 2
42129 | 3
41680 | 3
42459 | 2
41188 | 3
41377 | 3
41813 | 2
41739 | 2
41855 | 2
41693 | 3
41739 | 2
41836 | 3
41783 | 2
41944 | 2
41783 | 3
41640 | 2
42449 | 3
41583 | 2
41753 | 2
41928 | 3
41592 | 2
41664 | 2
41987 | 3
41788 | 2
41834 | 3
46496 | 3
37461 | 2
41371 | 3
42012 | 2
41201 | 2
41724 | 3
42191 | 3
41397 | 2
41805 | 2
41813 | 2
41786 | 2
41778 | 3
41797 | 2
42305 | 3
41569 | 2
41498 | 2
42203 | 3
41899 | 2
41520 | 3
42155 | 3
41782 | 3
41785 | 2
48371 | 3
35209 | 3
41358 | 2
42169 | 3
42002 | 3
42080 | 2
42890 | 2
39780 | 3
41674 | 2
41780 | 2
41777 | 2
41792 | 2
41830 | 2
41843 | 3
41721 | 3
41757 | 2
41877 | 2
41798 | 3
41834 | 3
42574 | 3
41187 | 2
41864 | 3
41625 | 2
42038 | 3
41639 | 3
41745 | 2
41808 | 3
44265 | 2
40126 | 3
41657 | 2
41345 | 2
42183 | 3
40860 | 3
41796 | 2
41815 | 2
41806 | 3
41870 | 2
41777 | 3
41805 | 2
41981 | 3
41660 | 2
41812 | 2
42408 | 3
41057 | 3
41719 | 2
42160 | 2
41870 | 2
41622 | 2
42090 | 4
45508 | 3
38196 | 2
41860 | 3
41635 | 2
41449 | 2
44921 | 3
39065 | 2
41368 | 2
41624 | 3
41834 | 3
41780 | 2
41831 | 3
41688 | 2
41769 | 2
41781 | 2
42420 | 2
41204 | 2
41972 | 3
41940 | 2
41451 | 3
41903 | 3
42648 | 3
41662 | 2
41776 | 3
41300 | 4
41729 | 2
41739 | 2
44043 | 2
39613 | 2
41754 | 3
41782 | 2
41820 | 2
41858 | 2
41639 | 2
41577 | 3
41766 | 2
41803 | 2
41925 | 3
41673 | 3
42441 | 3
41122 | 2
41777 | 3
42190 | 2
41872 | 2
41536 | 3
42310 | 2
42014 | 3
41181 | 3
42058 | 2
45253 | 2
38244 | 3
41969 | 3
41505 | 2
42770 | 2
41326 | 2
42247 | 3
40989 | 3
41598 | 2
41717 | 2
41653 | 3
41786 | 2
41761 | 2
41816 | 3
41773 | 2
41845 | 3
41899 | 3
41638 | 2
41896 | 2
41792 | 2
41656 | 2
42726 | 3
41300 | 2
41651 | 3
41947 | 3
41616 | 2
41810 | 2
43203 | 3
41216 | 2
41123 | 2
41977 | 3
41956 | 2
42566 | 3
41999 | 2
40300 | 2
41546 | 2
41579 | 2
41731 | 2
41959 | 3
41564 | 3
41989 | 3
41570 | 3
41876 | 3
41905 | 3
41785 | 2
41676 | 3
42579 | 2
41661 | 3
41555 | 3
44538 | 3
39288 | 3
41877 | 2
42140 | 3
41299 | 3
41663 | 2
42833 | 3
41542 | 2
41227 | 3
41980 | 2
41972 | 3
40894 | 2
41893 | 2
41720 | 3
41833 | 2
41741 | 2
41805 | 3
41863 | 2
41831 | 2
42279 | 2
41536 | 2
41504 | 3
41871 | 2
42139 | 3
41760 | 3
41703 | 2
41934 | 2
44126 | 3
39624 | 3
41654 | 2
41768 | 3
41596 | 4
41950 | 2
43511 | 2
40352 | 2
40834 | 2
41827 | 3
41764 | 3
41830 | 2
41753 | 2
41852 | 2
41821 | 3
41707 | 2
41815 | 2
42008 | 2
41561 | 2
41792 | 4
41859 | 3
42050 | 2
49261 | 3
34884 | 2
41544 | 3
57098 | 2
25940 | 2
43306 | 3
41859 | 3
40675 | 2
41893 | 2
41538 | 2
41784 | 2
42078 | 3
41156 | 3
41715 | 2
42195 | 3
41546 | 2
41873 | 3
41686 | 2
41760 | 3
41722 | 2
41810 | 2
41773 | 3
42223 | 3
41709 | 2
41770 | 2
41998 | 2
41634 | 2
44167 | 2
39360 | 2
42098 | 2
41350 | 2
42133 | 2
41616 | 3
42126 | 3
41460 | 2
41652 | 2
41709 | 2
41685 | 3
41728 | 2
41797 | 2
41807 | 2
41761 | 2
41809 | 3
41869 | 2
41755 | 2
41964 | 2
41612 | 3
41757 | 3
42380 | 2
49389 | 2
34217 | 2
41424 | 3
41759 | 3
42162 | 2
41669 | 3
41534 | 3
41872 | 3
41866 | 3
41735 | 2
41615 | 2
43181 | 3
40354 | 2
41664 | 3
41849 | 2
41800 | 3
41832 | 2
41852 | 3
41744 | 2
41799 | 3
41758 | 2
41804 | 3
41681 | 2
42021 | 2
41607 | 2
41634 | 3
42439 | 3
43050 | 2
40675 | 3
41274 | 2
41963 | 2
41767 | 2
41714 | 3
42216 | 2
41425 | 2
41646 | 3
42063 | 3
41586 | 2
41625 | 3
41745 | 2
41817 | 2
41749 | 2
41802 | 2
41910 | 3
41682 | 2
41833 | 2
41876 | 3
41765 | 3
42600 | 3
46614 | 2
36478 | 2
41858 | 3
41614 | 2
41792 | 3
44515 | 3
38774 | 2
41777 | 3
41769 | 2
41831 | 3
42459 | 3
43048 | 3
40096 | 2
41920 | 2
42121 | 2
42332 | 2
40839 | 2
41843 | 2
41540 | 3
41885 | 3
41674 | 2
41810 | 3
41661 | 3
42164 | 3
41468 | 3
41786 | 2
41788 | 2
42573 | 2
41550 | 2
41996 | 2
41419 | 3
41778 | 2
42075 | 2
42362 | 2
41076 | 3
41520 | 2
42076 | 2
41715 | 2
41394 | 2
41742 | 3
41852 | 2
41750 | 2
41885 | 2
41717 | 3
41761 | 3
41799 | 2
41800 | 2
41769 | 2
41882 | 3
44852 | 3
38732 | 2
41869 | 2
41888 | 2
41777 | 2
42198 | 3
41244 | 2
41821 | 2
41836 | 2
41530 | 2
42533 | 3
43592 | 2
40363 | 2
41264 | 2
41276 | 3
41777 | 2
41804 | 2
41822 | 2
41852 | 2
41782 | 2
41844 | 3
41703 | 3
41776 | 2
41803 | 3
41748 | 2
41768 | 2
41812 | 2
42522 | 3
41055 | 3
42635 | 3
41417 | 3
41735 | 2
41630 | 2
42005 | 2
42089 | 2
41376 | 3
41819 | 2
41848 | 3
42487 | 2
41034 | 2
41415 | 3
41777 | 2
41814 | 2
41902 | 3
41677 | 2
41783 | 3
41810 | 3
41792 | 2
41857 | 3
44891 | 2
38753 | 3
41626 | 2
42321 | 2
42047 | 2
43401 | 3
39873 | 3
41559 | 3
41900 | 2
41745 | 3
42443 | 2
41707 | 3
41874 | 3
41398 | 2
41843 | 2
41236 | 2
41744 | 4
41780 | 2
41798 | 2
41869 | 2
41851 | 3
41775 | 3
41630 | 2
41902 | 3
41717 | 3
41947 | 3
42161 | 2
42426 | 2
41030 | 4
42163 | 3
41316 | 3
42314 | 3
41144 | 2
42014 | 3
42821 | 3
40908 | 2
41659 | 3
41856 | 2
42622 | 3
40686 | 3
41758 | 2
41713 | 3
41694 | 2
41812 | 2
41803 | 3
41746 | 3
41798 | 3
41795 | 2
41807 | 3
44539 | 2
38970 | 3
42309 | 3
41696 | 3
42185 | 3
43266 | 2
40147 | 3
41730 | 2
42045 | 3
41752 | 2
41328 | 3
42807 | 2
40562 | 3
41888 | 2
41917 | 2
41670 | 3
41804 | 2
41742 | 3
41644 | 2
41976 | 2
41600 | 2
41890 | 4
41739 | 3
41927 | 2
41797 | 2
41623 | 3
41875 | 2
42857 | 3
41581 | 2
40846 | 2
41849 | 3
43819 | 2
41086 | 3
41562 | 2
40886 | 2
41834 | 2
41798 | 2
41783 | 3
43493 | 3
41721 | 3
40028 | 2
41925 | 2
41914 | 3
41488 | 2
41658 | 3
41852 | 2
41735 | 4
41800 | 2
41785 | 3
44649 | 2
39026 | 2
41690 | 2
42063 | 2
41549 | 2
41848 | 2
41946 | 2
41982 | 3
42221 | 3
41374 | 2
41602 | 2
42216 | 2
41303 | 2
43267 | 3
40457 | 2
41575 | 3
42361 | 2
41312 | 2
41508 | 2
41950 | 2
41695 | 2
41800 | 2
41879 | 2
41854 | 3
41716 | 3
41840 | 2
41700 | 2
42609 | 3
41608 | 2
41338 | 3
41571 | 2
41993 | 4
42807 | 2
41194 | 2
41628 | 3
41646 | 2
41836 | 2
41858 | 2
42538 | 2
40975 | 2
41868 | 2
41781 | 2
41842 | 3
41350 | 3
41769 | 3
41785 | 3
41787 | 2
41839 | 3
41831 | 3
44580 | 2
38933 | 2
41786 | 2
41773 | 2
41823 | 2
41755 | 2
41866 | 2
41954 | 2
42201 | 2
41389 | 3
42181 | 2
41608 | 2
41560 | 2
41978 | 3
41549 | 3
42263 | 2
42296 | 3
41105 | 2
41389 | 2
41841 | 3
41752 | 2
41811 | 3
41686 | 2
41935 | 3
41873 | 2
41807 | 2
41729 | 2
42453 | 2
40976 | 3
41793 | 3
41734 | 3
41867 | 2
41736 | 3
42006 | 2
41611 | 3
42282 | 2
41846 | 3
42099 | 2
41873 | 3
41099 | 2
41928 | 2
41783 | 2
41980 | 2
41449 | 3
42093 | 3
41566 | 2
41660 | 2
41627 | 2
41766 | 2
45103 | 3
38486 | 3
41801 | 3
41853 | 2
41756 | 3
41741 | 2
41812 | 2
41874 | 2
42166 | 2
41419 | 3
41804 | 3
41825 | 2
42097 | 3
41503 | 2
41738 | 2
41729 | 3
46989 | 2
36695 | 2
42230 | 3
41197 | 3
41941 | 2
42881 | 3
40460 | 3
41864 | 2
41613 | 4
41781 | 2
41761 | 2
42566 | 3
41037 | 2
41811 | 2
41778 | 3
41794 | 2
41821 | 3
42092 | 2
41884 | 3
709276 | 3
563 | 4
642 | 3
632 | 2
559 | 2
563 | 2
559 | 2
627 | 2
563 | 2
576 | 2
617 | 2
638 | 3
565 | 2
562 | 3
629 | 2
643 | 2
1391 | 2
32587 | 3
42073 | 2
45442 | 3
39209 | 3
40909 | 3
41306 | 3
42335 | 3
41727 | 2
42118 | 3
41425 | 2
41876 | 2
41926 | 2
41354 | 2
42208 | 3
41162 | 2
41784 | 2
42060 | 2
41532 | 2
41728 | 3
42086 | 2
42086 | 3
41915 | 2
41950 | 3
42472 | 3
43438 | 2
38919 | 3
42216 | 4
41681 | 3
41533 | 3
42067 | 2
41732 | 3
42003 | 2
41312 | 2
41558 | 3
41732 | 2
41912 | 2
42322 | 2
42511 | 2
40427 | 3
41795 | 3
41942 | 2
41926 | 3
41482 | 3
41891 | 3
41748 | 2
42060 | 3
44861 | 2
38893 | 3
41847 | 3
41683 | 2
41820 | 3
42535 | 2
40842 | 2
41842 | 3
42201 | 4
41619 | 2
41743 | 3
41625 | 2
41379 | 3
41854 | 2
41851 | 2
41715 | 2
42276 | 2
41424 | 2
41684 | 3
41820 | 2
41958 | 3
42348 | 2
41220 | 2
41708 | 3
42770 | 2
41231 | 2
41965 | 2
44851 | 3
38517 | 3
41922 | 3
41564 | 2
41974 | 2
42027 | 3
41672 | 2
41590 | 2
41485 | 2
41747 | 2
41758 | 2
41798 | 3
41736 | 2
41823 | 2
41706 | 3
41820 | 3
42348 | 4
41293 | 2
41778 | 2
41733 | 3
41849 | 2
41807 | 3
47890 | 2
36000 | 2
41873 | 2
42196 | 3
41395 | 2
41652 | 3
41439 | 3
41873 | 2
42283 | 3
41233 | 2
41847 | 2
41749 | 2
41732 | 3
42048 | 3
41681 | 2
41746 | 3
42262 | 3
41268 | 2
41857 | 2
41726 | 3
41823 | 2
41713 | 2
41802 | 2
41911 | 3
41764 | 2
41713 | 2
41850 | 2
42593 | 3
40956 | 2
41824 | 3
41779 | 2
41723 | 3
41842 | 3
41981 | 3
41590 | 3
41787 | 2
41931 | 2
41628 | 2
41980 | 3
41829 | 2
41842 | 3
41730 | 3
42047 | 2
42767 | 3
40352 | 2
41845 | 2
41736 | 3
41799 | 2
41818 | 3
44721 | 2
39000 | 2
41654 | 4
41750 | 2
41782 | 2
41887 | 2
41767 | 2
41876 | 3
42246 | 2
41239 | 3
41750 | 2
41879 | 2
41713 | 2
41777 | 2
41887 | 2
41682 | 2
42307 | 2
41390 | 2
41757 | 4
41889 | 2
42113 | 2
41234 | 3
41841 | 3
41819 | 2
41771 | 3
42105 | 2
41713 | 3
42874 | 2
40484 | 3
41837 | 3
42564 | 2
41406 | 3
41965 | 2
41932 | 2
41102 | 3
41705 | 2
41814 | 2
41891 | 3
42163 | 2
41481 | 2
41614 | 3
41930 | 2
41720 | 2
42255 | 2
41273 | 3
42171 | 2
41509 | 3
41694 | 2
41816 | 2
44808 | 3
38793 | 2
41787 | 2
41752 | 2
41755 | 3
41859 | 3
41772 | 2
41808 | 2
41740 | 2
41758 | 2
41840 | 3
41803 | 3
41708 | 2
41870 | 3
41780 | 2
41858 | 3
42073 | 2
42246 | 2
42135 | 2
41676 | 2
41521 | 2
42538 | 3
41130 | 2
41324 | 2
41690 | 3
42071 | 2
41946 | 3
45441 | 2
37674 | 3
43058 | 2
40271 | 3
42314 | 2
42418 | 2
41835 | 2
41844 | 2
40609 | 2
41929 | 3
42101 | 2
41272 | 2
42763 | 2
40827 | 3
41813 | 2
41916 | 3
42201 | 2
41339 | 2
41689 | 3
41785 | 2
42031 | 3
41640 | 3
44726 | 3
38745 | 3
41862 | 3
41876 | 2
41678 | 3
41775 | 2
41785 | 2
41859 | 2
41780 | 2
41657 | 3
41927 | 2
41803 | 2
41727 | 2
41769 | 2
42089 | 3
41602 | 2
41683 | 3
41835 | 3
41748 | 2
41874 | 3
41726 | 2
42667 | 3
40874 | 2
41884 | 4
41972 | 3
41597 | 3
41952 | 3
42932 | 2
40565 | 2
41775 | 2
41629 | 3
41843 | 2
41751 | 3
42148 | 2
41475 | 3
41846 | 2
41856 | 2
41672 | 3
41810 | 2
41772 | 2
41852 | 2
41738 | 3
41843 | 2
42291 | 2
41271 | 2
41912 | 2
41672 | 3
41750 | 2
42112 | 3
45126 | 2
38234 | 3
41689 | 3
41937 | 2
42163 | 3
41290 | 2
41807 | 3
42002 | 6
41579 | 3
41813 | 2
41731 | 2
42211 | 3
41375 | 2
41881 | 3
41687 | 2
41815 | 2
41783 | 3
41780 | 3
41829 | 3
41733 | 3
41850 | 2
43379 | 3
40210 | 26
41757 | 2
42312 | 3
41708 | 2
41423 | 3
42849 | 3
40765 | 2
41798 | 2
41746 | 2
41781 | 2
41645 | 3
42310 | 2
41361 | 3
41907 | 2
41764 | 4
41805 | 2
41765 | 3
41688 | 2
41864 | 2
41658 | 3
41889 | 2
41767 | 2
41766 | 3
41832 | 2
41795 | 2
41744 | 3
41781 | 3
45228 | 3
38514 | 2
41748 | 2
42150 | 2
41589 | 3
41586 | 3
41715 | 2
41806 | 3
41870 | 3
41694 | 2
42063 | 3
41549 | 2
41756 | 2
41852 | 2
41814 | 3
41798 | 2
41720 | 3
41805 | 2
41768 | 3
41763 | 2
41815 | 2
42498 | 2
41210 | 3
41787 | 3
41706 | 2
41907 | 2
41672 | 2
42772 | 3
40979 | 2
41572 | 2
41939 | 2
41682 | 2
41719 | 2
41857 | 3
41789 | 3
41852 | 2
41947 | 2
41540 | 3
42338 | 2
42285 | 3
40797 | 2
41740 | 2
42005 | 3
41644 | 3
41842 | 2
41712 | 2
41892 | 3
42279 | 2
42594 | 2
45550 | 3
36783 | 2
41671 | 2
41853 | 3
41738 | 2
41773 | 3
41818 | 2
42543 | 2
41417 | 3
42025 | 3
41277 | 2
41644 | 2
41742 | 3
41831 | 2
41851 | 2
41812 | 2
41714 | 3
41847 | 3
41735 | 2
41808 | 3
41831 | 2
42214 | 3
41349 | 3
41812 | 3
41839 | 2
41704 | 2
41769 | 3
42790 | 2
40796 | 3
41935 | 3
41617 | 3
41883 | 2
41736 | 2
41789 | 2
41790 | 3
41907 | 2
41644 | 3
41847 | 3
41753 | 2
41846 | 2
41816 | 2
41760 | 2
41749 | 2
41874 | 2
41719 | 2
41837 | 3
41759 | 3
41909 | 2
42897 | 3
43738 | 3
38589 | 2
41817 | 3
41767 | 3
41790 | 2
41813 | 2
41836 | 2
41793 | 2
42157 | 3
41369 | 2
41875 | 2
41762 | 2
41756 | 3
41804 | 3
41734 | 3
41834 | 3
41827 | 2
41803 | 2
41732 | 2
41847 | 2
41717 | 3
42343 | 3
41243 | 4
41966 | 3
41748 | 2
42059 | 2
41355 | 3
42729 | 2
40948 | 3
41732 | 2
41799 | 2
41773 | 3
41844 | 2
41825 | 2
42099 | 3
41412 | 3
41774 | 3
41803 | 2
41891 | 2
41677 | 3
41837 | 3
41755 | 2
41789 | 2
41842 | 3
41728 | 2
41812 | 3
41857 | 2
41764 | 3
42307 | 3
44796 | 2
38988 | 3
41627 | 3
41630 | 2
41772 | 2
42474 | 3
40765 | 2
41777 | 3
41793 | 3
42515 | 2
42191 | 3
41582 | 2
41300 | 3
41992 | 2
41705 | 3
41302 | 2
41727 | 3
41831 | 2
41789 | 3
41684 | 2
41817 | 3
41757 | 3
41851 | 3
41809 | 2
41712 | 2
41870 | 2
42054 | 3
42450 | 2
40767 | 2
41895 | 2
42839 | 2
40721 | 2
41721 | 2
41855 | 2
41828 | 3
41767 | 3
41822 | 3
41727 | 3
41794 | 2
41812 | 2
41742 | 3
41904 | 2
41833 | 3
41672 | 2
41764 | 2
41633 | 2
41829 | 4
41838 | 2
42232 | 3
44480 | 3
38531 | 3
42054 | 3
41683 | 2
41761 | 3
41819 | 2
41765 | 3
41801 | 4
41741 | 2
41797 | 2
41741 | 2
41802 | 3
41715 | 3
41840 | 2
41806 | 3
41787 | 3
41797 | 2
41853 | 2
41716 | 2
41812 | 2
41773 | 3
41774 | 3
41770 | 3
41965 | 2
41880 | 2
41650 | 2
42369 | 2
42079 | 3
40858 | 2
41814 | 2
41793 | 2
41744 | 2
41803 | 3
41804 | 2
41783 | 3
41854 | 3
41743 | 2
41752 | 3
41843 | 2
41747 | 3
41894 | 3
41775 | 2
41793 | 3
41802 | 2
41750 | 3
41786 | 3
41821 | 3
41710 | 3
43203 | 3
43550 | 2
38601 | 2
41808 | 3
41857 | 3
41703 | 2
41826 | 3
41774 | 2
41782 | 2
41806 | 2
41772 | 2
41885 | 3
41785 | 3
41866 | 2
41790 | 3
41679 | 2
41791 | 2
41764 | 2
41963 | 2
41593 | 2
41795 | 2
41815 | 3
41780 | 2
41800 | 3
41870 | 3
41802 | 2
41669 | 2
43211 | 3
41504 | 2
40827 | 2
41735 | 3
41778 | 2
41778 | 2
41771 | 3
41753 | 3
41790 | 2
41829 | 2
41728 | 2
41776 | 2
41824 | 2
42656 | 3
40932 | 2
42178 | 2
41400 | 3
41861 | 2
41768 | 2
41729 | 3
41887 | 3
41778 | 2
41816 | 3
44757 | 2
38776 | 2
41748 | 2
41786 | 2
41761 | 3
41833 | 2
41864 | 3
41667 | 2
41812 | 3
41833 | 3
41789 | 2
41839 | 3
41734 | 3
41757 | 2
41808 | 2
41882 | 3
42697 | 2
40858 | 2
41798 | 2
41950 | 4
41568 | 2
41749 | 2
41861 | 3
41821 | 2
42407 | 3
41078 | 3
42319 | 2
42354 | 3
40733 | 2
41788 | 3
41842 | 2
42191 | 2
41276 | 3
41844 | 2
41854 | 3
41827 | 2
42671 | 3
40937 | 2
41785 | 2
42683 | 2
40793 | 3
41758 | 2
42560 | 2
41232 | 2
41611 | 3
41844 | 3
41763 | 3
41787 | 3
41756 | 3
44948 | 3
38614 | 3
41868 | 2
41832 | 2
42051 | 2
41544 | 2
41821 | 3
41703 | 2
41734 | 2
41826 | 3
41764 | 3
41775 | 2
41773 | 2
41837 | 3
41819 | 3
41778 | 2
41865 | 3
41694 | 2
41799 | 2
41884 | 3
41686 | 3
41763 | 3
42271 | 3
41758 | 2
42742 | 2
40842 | 2
41950 | 3
44803 | 2
38382 | 2
41576 | 2
41870 | 3
41772 | 3
41758 | 2
41805 | 2
41795 | 3
41789 | 3
41781 | 3
41773 | 2
41917 | 3
41804 | 2
41754 | 2
41769 | 3
41837 | 2
41755 | 3
41734 | 2
41991 | 2
41595 | 3
41771 | 3
41787 | 3
45079 | 3
38562 | 2
41750 | 2
41789 | 3
42733 | 2
40841 | 3
41783 | 3
41833 | 2
41740 | 2
41801 | 3
42948 | 2
40724 | 2
44933 | 3
38658 | 2
41723 | 2
41762 | 2
41794 | 3
41995 | 3
41584 | 2
41782 | 3
41797 | 3
41780 | 3
41796 | 2
41872 | 3
41724 | 2
41834 | 2
42246 | 3
42403 | 3
40782 | 2
41765 | 3
41790 | 3
41700 | 2
41788 | 3
41810 | 2
41764 | 2
42222 | 3
41353 | 3
41852 | 2
41850 | 2
42653 | 3
40904 | 3
41740 | 3
41782 | 2
41787 | 2
41914 | 2
41736 | 3
41800 | 2
41771 | 3
41806 | 3
44943 | 2
38593 | 2
41761 | 2
42483 | 3
43776 | 2
41124 | 3
40139 | 2
42100 | 2
41536 | 3
41835 | 2
42009 | 2
41506 | 2
43136 | 2
40288 | 3
42818 | 2
40606 | 2
42849 | 3
40749 | 3
41747 | 2
41763 | 2
42639 | 2
40869 | 2
41847 | 2
41861 | 2
41726 | 3
41790 | 2
41852 | 3
42750 | 3
40773 | 3
41780 | 3
41769 | 2
42043 | 3
41510 | 2
41914 | 2
41790 | 2
41801 | 2
41811 | 2
41735 | 3
41782 | 2
41807 | 3
41741 | 3
41769 | 2
41866 | 2
41778 | 3
41740 | 2
41799 | 2
41862 | 3
41742 | 2
41781 | 3
44972 | 2
38589 | 2
41887 | 2
41793 | 3
42185 | 2
41445 | 2
41692 | 3
41750 | 2
41779 | 2
41792 | 3
41794 | 2
42534 | 3
41057 | 2
41953 | 3
41685 | 3
43061 | 2
40480 | 3
43099 | 3
40466 | 3
42330 | 3
41362 | 2
42534 | 2
41009 | 3
41836 | 2
41739 | 3
41759 | 2
41883 | 2
42834 | 3
40623 | 2
41771 | 2
41872 | 3
42376 | 2
41110 | 3
41828 | 2
41844 | 3
41862 | 2
41754 | 3
41703 | 2
41777 | 3
41991 | 2
41691 | 2
41743 | 3
41882 | 2
41668 | 2
41771 | 3
41872 | 3
41695 | 2
41822 | 3
41783 | 3
45115 | 3
38404 | 2
41907 | 3
41751 | 2
42269 | 2
41302 | 2
41796 | 3
42070 | 2
41663 | 3
41697 | 2
41804 | 2
41787 | 3
41787 | 2
41741 | 2
41830 | 3
41740 | 3
41780 | 2
41812 | 2
41763 | 3
41743 | 2
41857 | 3
41791 | 3
42194 | 2
41418 | 3
41759 | 2
41780 | 3
41883 | 3
42943 | 2
40640 | 3
41846 | 2
41689 | 2
43071 | 3
40657 | 2
41660 | 2
41726 | 2
41790 | 2
41834 | 3
41779 | 4
41876 | 3
42709 | 2
40774 | 2
41775 | 2
41779 | 2
41737 | 3
41971 | 3
41791 | 2
41764 | 3
41796 | 3
41769 | 2
44903 | 3
38598 | 2
41799 | 3
41778 | 2
42205 | 2
41422 | 3
41779 | 3
41774 | 2
41815 | 2
41710 | 3
41870 | 3
41764 | 2
41851 | 3
41824 | 2
41806 | 3
42335 | 3
41272 | 2
41751 | 2
41727 | 3
41751 | 3
41914 | 3
41753 | 2
41736 | 3
41820 | 3
41755 | 3
43677 | 3
39919 | 2
43180 | 3
40371 | 2
41778 | 3
42295 | 2
42380 | 2
41302 | 3
41561 | 2
41892 | 3
41780 | 2
41830 | 3
41680 | 2
41825 | 2
41597 | 2
41586 | 3
41759 | 2
41845 | 3
41795 | 2
41773 | 3
41779 | 2
41797 | 3
41798 | 2
42064 | 3
46124 | 2
37335 | 3
41795 | 2
41860 | 3
41694 | 2
41843 | 2
41735 | 3
41933 | 2
41722 | 2
42022 | 2
41536 | 3
41803 | 2
41727 | 3
41816 | 2
42000 | 3
41684 | 2
41650 | 3
41842 | 2
44398 | 2
39204 | 2
41750 | 2
42781 | 3
40805 | 2
41866 | 3
41737 | 2
41743 | 3
41855 | 2
43011 | 3
40509 | 3
41814 | 2
41816 | 3
42258 | 2
41338 | 3
41758 | 2
41872 | 2
41758 | 2
41860 | 3
41678 | 3
41803 | 2
41762 | 2
41865 | 2
41652 | 2
41926 | 3
41803 | 2
41770 | 2
41910 | 3
41652 | 3
41781 | 4
41793 | 2
45348 | 2
38239 | 2
41805 | 2
41841 | 3
41725 | 2
41833 | 3
41702 | 2
41832 | 3
41854 | 2
42642 | 2
40834 | 2
41840 | 2
41748 | 2
41888 | 3
41772 | 3
41801 | 2
41722 | 2
41803 | 3
41786 | 2
41776 | 2
41824 | 2
41765 | 2
41823 | 2
41871 | 2
41698 | 3
41783 | 2
41796 | 2
43216 | 3
40375 | 2
41799 | 2
41736 | 3
42393 | 2
41226 | 3
41794 | 2
41822 | 3
41732 | 2
41751 | 3
42376 | 2
41139 | 3
42156 | 3
41395 | 2
41728 | 2
42198 | 2
41525 | 2
42800 | 2
41126 | 2
41556 | 3
44108 | 3
40326 | 2
45385 | 2
37137 | 2
41783 | 2
41827 | 3
41785 | 2
41794 | 3
41838 | 3
41731 | 2
41799 | 3
42241 | 2
41476 | 2
41753 | 2
41741 | 3
41797 | 2
41832 | 2
41671 | 2
41870 | 3
41737 | 2
41767 | 3
41797 | 3
41805 | 3
41827 | 2
41837 | 2
41738 | 3
41725 | 3
41798 | 2
41807 | 3
42997 | 2
40687 | 3
41761 | 2
41867 | 2
41688 | 2
41834 | 3
41736 | 2
41735 | 2
41809 | 3
41836 | 3
41767 | 2
41800 | 2
41789 | 3
41797 | 2
41821 | 3
41735 | 2
41904 | 2
41754 | 2
41785 | 2
41805 | 3
41845 | 2
41669 | 2
45091 | 3
38406 | 2
41842 | 2
41967 | 2
41687 | 2
41739 | 3
41801 | 2
41837 | 3
41733 | 2
42263 | 2
41347 | 2
41864 | 2
41755 | 3
42361 | 2
41218 | 2
41882 | 2
41619 | 2
41789 | 2
41809 | 3
41794 | 3
41778 | 2
41771 | 3
41810 | 2
41923 | 2
41685 | 3
41777 | 3
41777 | 2
43100 | 2
40572 | 2
41772 | 2
41842 | 3
41803 | 2
41723 | 3
41736 | 2
41787 | 3
41826 | 3
42411 | 2
41123 | 2
41770 | 3
86535 | 2
569 | 3
38449 | 2
41626 | 3
41820 | 2
41768 | 2
41887 | 2
41872 | 3
41744 | 3
41716 | 2
45268 | 3
38212 | 3
41810 | 2
41830 | 2
41804 | 2
41773 | 3
42135 | 2
41888 | 3
41812 | 2
42256 | 2
41373 | 3
42077 | 3
41637 | 2
41956 | 2
41384 | 3
41732 | 3
42098 | 2
42023 | 2
41079 | 2
42001 | 2
41819 | 3
41556 | 2
41796 | 2
42054 | 3
41528 | 2
41774 | 3
42076 | 3
44542 | 2
38864 | 3
42195 | 3
41514 | 4
41711 | 2
42134 | 3
41429 | 2
41682 | 2
41839 | 2
44077 | 3
39544 | 2
42206 | 2
41370 | 3
41992 | 2
41522 | 3
41970 | 5
41842 | 2
41889 | 3
41959 | 2
41844 | 2
41819 | 3
41190 | 3
47330 | 3
36601 | 3
41438 | 3
42311 | 2
41363 | 2
41886 | 2
41639 | 3
42253 | 2
41642 | 2
41984 | 3
42370 | 3
40873 | 3
41821 | 2
41827 | 2
41564 | 2
41821 | 2
41861 | 3
42428 | 3
41137 | 2
41919 | 2
42720 | 2
40991 | 3
41401 | 3
41898 | 3
41683 | 3
41834 | 2
41931 | 2
43929 | 3
39669 | 2
41984 | 3
41614 | 2
41934 | 3
42621 | 3
40914 | 2
41711 | 2
41601 | 3
41942 | 2
41466 | 2
41755 | 2
41553 | 2
42089 | 2
41793 | 2
41786 | 2
41745 | 3
41755 | 2
41789 | 2
41917 | 3
41470 | 2
42188 | 3
45099 | 2
38850 | 2
41251 | 2
41938 | 3
41490 | 3
41758 | 2
41974 | 2
41765 | 3
41808 | 2
42829 | 3
40766 | 2
41553 | 2
41756 | 2
42100 | 2
42321 | 3
41306 | 2
41776 | 2
41783 | 2
41421 | 3
42093 | 2
41832 | 2
41773 | 3
41811 | 3
41776 | 2
41830 | 3
41499 | 2
41998 | 2
43243 | 2
40350 | 3
41829 | 2
41872 | 3
41438 | 3
41794 | 3
42083 | 2
41773 | 3
42037 | 2
41939 | 3
41336 | 2
41573 | 2
42021 | 2
42461 | 2
42632 | 2
40888 | 2
42280 | 3
40787 | 2
41763 | 3
42098 | 3
41822 | 4
42072 | 3
46943 | 2
36359 | 3
41116 | 2
41915 | 2
41919 | 3
41827 | 2
41789 | 2
41746 | 2
41754 | 3
41622 | 3
41798 | 2
42084 | 2
41786 | 2
41729 | 2
42558 | 3
41103 | 2
42104 | 2
42038 | 2
41773 | 2
41722 | 3
41530 | 3
41783 | 2
41914 | 2
42379 | 3
41110 | 2
42240 | 2
41205 | 3
45936 | 3
38806 | 2
40473 | 2
41766 | 3
41833 | 2
41798 | 3
41619 | 2
41985 | 3
41773 | 3
42142 | 2
41361 | 2
41863 | 2
42799 | 3
40738 | 2
41699 | 2
41888 | 3
41816 | 3
41800 | 2
41762 | 3
41838 | 3
41725 | 3
41907 | 3
45170 | 2
38391 | 3
41757 | 2
41764 | 2
41845 | 2
41763 | 3
41735 | 2
41781 | 3
41777 | 3
41835 | 2
41778 | 2
41937 | 2
41791 | 2
41642 | 3
43271 | 3
40310 | 2
41911 | 2
41743 | 2
41858 | 2
41706 | 3
41753 | 2
41778 | 2
41778 | 2
41822 | 2
41750 | 3
41868 | 2
41778 | 2
43203 | 2
40646 | 2
41633 | 2
41606 | 2
41823 | 3
41745 | 2
41903 | 2
41788 | 3
41808 | 3
41766 | 2
41770 | 2
41764 | 3
41774 | 2
41782 | 3
41778 | 2
41999 | 2
41656 | 2
41803 | 2
41721 | 2
41819 | 3
41802 | 2
41754 | 2
45163 | 3
38452 | 2
41864 | 3
41810 | 3
41712 | 2
41795 | 3
41756 | 2
41793 | 2
41793 | 2
41859 | 3
41740 | 2
41779 | 3
41797 | 2
41777 | 2
42258 | 2
41318 | 2
41783 | 3
41952 | 2
41719 | 2
41862 | 3
41711 | 3
41744 | 4
41783 | 2
41831 | 3
41794 | 2
41803 | 3
41727 | 3
43683 | 2
40004 | 2
41717 | 2
42035 | 3
41574 | 2
41671 | 2
41919 | 2
41804 | 2
42164 | 2
41427 | 3
41737 | 2
41753 | 3
44088 | 3
39501 | 2
42881 | 3
40676 | 2
41834 | 2
41753 | 3
41801 | 2
41817 | 3
41774 | 2
41787 | 3
45294 | 3
38370 | 3
41846 | 3
41733 | 2
41788 | 2
41771 | 3
41765 | 3
41816 | 2
48957 | 2
34550 | 3
41803 | 2
41815 | 2
41794 | 3
41865 | 2
42197 | 2
41266 | 2
41856 | 2
41730 | 2
42051 | 2
41618 | 3
41803 | 2
41769 | 3
41809 | 2
41789 | 3
41743 | 2
41791 | 2
41750 | 3
43263 | 2
40520 | 2
41634 | 2
41737 | 3
41807 | 3
41763 | 2
41834 | 2
41854 | 3
41790 | 2
41793 | 3
41867 | 3
41671 | 2
41751 | 2
41820 | 2
43034 | 2
40703 | 3
41805 | 2
41823 | 2
41737 | 2
41834 | 3
41731 | 3
41850 | 3
45153 | 2
38430 | 2
41739 | 2
41847 | 2
41755 | 2
41798 | 2
42003 | 2
41727 | 2
41673 | 2
41767 | 2
41861 | 2
41722 | 2
41740 | 2
41786 | 2
42382 | 3
41201 | 2
41915 | 2
41755 | 3
42110 | 2
41334 | 3
41867 | 3
41796 | 3
41882 | 3
41798 | 2
42857 | 3
40692 | 2
41787 | 3
43086 | 3
40588 | 2
41629 | 3
41772 | 2
41862 | 31
41771 | 2
41775 | 2
41785 | 3
41774 | 2
41785 | 2
41788 | 2
41808 | 2
41830 | 2
41692 | 2
42186 | 2
41492 | 3
41743 | 2
41886 | 3
41673 | 2
41781 | 3
41842 | 2
41747 | 3
45275 | 3
38375 | 2
42172 | 2
41349 | 3
41775 | 3
41813 | 2
41833 | 3
41745 | 3
41836 | 2
41814 | 2
41807 | 2
42253 | 2
41242 | 2
41804 | 3
41851 | 3
41728 | 3
42102 | 2
41507 | 3
41815 | 3
42057 | 3
41452 | 2
41790 | 2
41806 | 3
41895 | 2
41671 | 2
42202 | 2
41481 | 2
43198 | 3
40515 | 3
41578 | 2
41803 | 3
41822 | 3
41547 | 2
41817 | 2
41767 | 3
41837 | 3
41862 | 2
42036 | 2
41535 | 2
41804 | 3
41804 | 2
42139 | 2
41405 | 2
41756 | 2
41747 | 2
41800 | 3
41816 | 3
41796 | 2
41785 | 3
45330 | 2
38281 | 2
41839 | 2
41721 | 2
41767 | 3
41800 | 2
41794 | 3
41961 | 2
41767 | 2
41711 | 3
41663 | 2
41907 | 2
41748 | 3
41777 | 3
41810 | 3
41817 | 2
41738 | 3
41792 | 2
41945 | 3
42369 | 3
41016 | 3
41827 | 3
41810 | 2
41858 | 2
41749 | 3
41754 | 2
41874 | 3
43177 | 2
40512 | 2
41727 | 3
41729 | 2
41750 | 2
41738 | 2
41878 | 2
41774 | 3
41759 | 2
41794 | 2
41731 | 3
41904 | 2
41791 | 2
41736 | 2
42277 | 2
41281 | 2
41838 | 2
41762 | 3
41902 | 2
41782 | 3
41767 | 2
41820 | 3
45149 | 2
38407 | 2
41737 | 2
41761 | 3
41799 | 3
41867 | 3
42043 | 3
41486 | 2
41752 | 2
41803 | 2
41786 | 3
41806 | 3
41743 | 2
41881 | 2
41702 | 2
41797 | 2
41954 | 3
41737 | 2
41778 | 2
43078 | 3
40571 | 3
41735 | 3
41713 | 2
41853 | 2
41684 | 3936
38053 | 5
41704 | 3
43337 | 3379
37366 | 5
41298 | 3
42297 | 2
41341 | 4
43209 | 2
40401 | 3
41779 | 2
41876 | 3
41807 | 2
41339 | 2
41742 | 2
41760 | 3
41771 | 3
41950 | 2
41716 | 3
41785 | 2
41782 | 3
41781 | 2
41897 | 4
42091 | 2
41384 | 3
45332 | 2
38199 | 3
41804 | 2
42024 | 2
41995 | 2
41750 | 3
41737 | 3
41781 | 2
41800 | 2
41854 | 2
41700 | 3
41735 | 2
41791 | 2
41778 | 2
41923 | 3
41776 | 2
41739 | 3
41735 | 3
41793 | 2
42313 | 3
41295 | 2
41803 | 3
41574 | 3
41800 | 3
41740 | 3
41776 | 2
41789 | 2
43296 | 3
40550 | 2
41557 | 3
41688 | 2
41891 | 3
41957 | 2
41818 | 2
41823 | 2
41834 | 2
41747 | 3
41777 | 2
41796 | 2
41780 | 2
41861 | 2
41794 | 2
41500 | 3
41820 | 2
41789 | 2
41762 | 3
42781 | 3
40982 | 3
41636 | 2
45797 | 2
37666 | 2
44099 | 3
39805 | 2
41926 | 2
45939 | 2
38603 | 2
42107 | 3
40567 | 2
42516 | 2
44951 | 3
39121 | 2
41103 | 3
41052 | 2
43510 | 3
39828 | 3
41813 | 2
41766 | 3
42387 | 3
41209 | 2
42118 | 2
41367 | 3
42083 | 2
41674 | 3
43355 | 2
40172 | 2
41883 | 3
43182 | 2
40895 | 2
41325 | 3
41886 | 2
41573 | 2
42762 | 3
40874 | 3
43938 | 2
39659 | 3
41690 | 2
42120 | 2
41907 | 3
41762 | 2
41664 | 2
41905 | 2
41632 | 2
41880 | 2
41740 | 2
41769 | 3
42785 | 3
40876 | 3
41728 | 2
45379 | 3
38178 | 2
41798 | 4
41783 | 3
42286 | 5
41449 | 3
41734 | 2
41794 | 3
41754 | 3
41747 | 2
41772 | 3
41788 | 2
41897 | 2
41666 | 3
41797 | 2
41792 | 2
41856 | 2
41766 | 3
41780 | 3
42269 | 2
41344 | 3
42053 | 3
41477 | 2
41949 | 2
41664 | 3
41842 | 2
41848 | 2
43081 | 2
40415 | 2
41721 | 3
41793 | 2
41772 | 2
41825 | 2
41795 | 3
41780 | 2
41774 | 2
41865 | 2
41743 | 2
41801 | 2
41753 | 3
41801 | 2
41779 | 2
41859 | 2
41856 | 3
41761 | 3
41789 | 2
42114 | 3
41492 | 2
41702 | 2
45476 | 3
38080 | 2
41781 | 2
41799 | 2
41852 | 3
41754 | 2
41848 | 2
41710 | 2
41780 | 3
41863 | 3
41763 | 2
41762 | 3
41863 | 3
41822 | 2
41787 | 2
41804 | 2
41788 | 2
41738 | 2
41775 | 2
41728 | 3
41879 | 2
41702 | 3
41809 | 2
41884 | 2
41811 | 3
41714 | 3
41782 | 2
43271 | 3
40342 | 2
41729 | 3
42288 | 3
41605 | 2
41791 | 3
41954 | 3
41711 | 3
41994 | 2
41561 | 3
41803 | 3
42008 | 2
41772 | 2
41633 | 2
41761 | 2
41407 | 2
41817 | 3
41776 | 3
41841 | 2
42308 | 2
41371 | 2
41624 | 3
45496 | 3
38072 | 2
41955 | 2
41736 | 2
41852 | 2
41724 | 2
41796 | 2
41770 | 3
42308 | 2
41802 | 2
41200 | 3
41857 | 3
41764 | 3
41756 | 2
41822 | 2
41764 | 3
41794 | 2
41786 | 3
41790 | 3
41748 | 3
41802 | 2
41806 | 3
41893 | 2
41898 | 3
42208 | 3
41242 | 3
41784 | 3
43282 | 2
40386 | 2
41634 | 3
41764 | 3
41815 | 3
41789 | 2
41816 | 2
41843 | 3
41761 | 2
41705 | 3
41854 | 2
41783 | 2
41721 | 2
41850 | 2
41808 | 2
41849 | 3
41831 | 2
41808 | 2
42621 | 2
41278 | 2
41458 | 3
41778 | 2
45344 | 3
38134 | 3
41743 | 2
41855 | 3
41845 | 2
41792 | 2
41748 | 3
41770 | 3
41782 | 2
41802 | 2
41777 | 2
41926 | 3
41825 | 2
41729 | 3
41759 | 2
41823 | 2
41795 | 3
41712 | 2
41766 | 3
41795 | 2
41737 | 2
41724 | 2
41875 | 3
41936 | 3
42864 | 3
40580 | 3
41814 | 3
43473 | 2
40106 | 2
42748 | 2
40764 | 2
41944 | 3
41758 | 2
41833 | 2
41844 | 3
41700 | 2
41782 | 3
41768 | 2
41769 | 3
43087 | 2
40433 | 3
41848 | 3
41870 | 2
41743 | 2
41781 | 2
41782 | 2
42320 | 2
41266 | 3
41841 | 3
45463 | 2
38009 | 3
41757 | 3
41968 | 2
41920 | 3
41661 | 3
41721 | 3
41774 | 2
41855 | 3
41738 | 2
41775 | 2
42020 | 3
41537 | 3
41824 | 3
41806 | 2
41762 | 2
41872 | 3
41700 | 3
41801 | 2
41787 | 2
41921 | 2
41765 | 3
41771 | 3
41901 | 2
42090 | 2
41357 | 2
41756 | 2
43453 | 2
40121 | 2
41736 | 2
41888 | 2
41807 | 2
41688 | 2
41832 | 3
41991 | 2
42191 | 2
41661 | 3
42288 | 2
41770 | 2
42996 | 2
40346 | 2
42518 | 2
41357 | 2
40953 | 3
41830 | 2
41750 | 3
41776 | 3
41910 | 3
41804 | 3
45463 | 29
37989 | 3
42064 | 2
41517 | 2
41763 | 2
41832 | 3
41755 | 2
41930 | 3
41727 | 2
41733 | 3
41787 | 2
41817 | 3
41756 | 3
41802 | 3
41783 | 2
41803 | 2
41752 | 2
41874 | 3
41850 | 3
41678 | 2
41950 | 2
41606 | 3
41826 | 2
41882 | 3
42301 | 2
41166 | 2
41769 | 2
43544 | 3
40127 | 2
41708 | 3
41940 | 3
41654 | 2
41835 | 3
41764 | 3
41814 | 2
41784 | 2
41869 | 2
41702 | 2
41774 | 3
41808 | 2
41532 | 2
42079 | 2
41744 | 2
41850 | 3
41770 | 2
41759 | 3
41838 | 3
41779 | 2
41770 | 2
45625 | 2
37934 | 2
42691 | 2
40891 | 2
41855 | 2
41737 | 2
41891 | 2
41725 | 2
41868 | 2
41691 | 3
41818 | 3
42221 | 2
41365 | 3
41735 | 3
41834 | 3
41751 | 3
41912 | 2
41704 | 3
41756 | 2
41801 | 3
41794 | 2
41817 | 2
41756 | 3
41858 | 2
42215 | 2
41283 | 3
41757 | 2
43324 | 2
40171 | 3
41730 | 3
41827 | 2
41909 | 2
41670 | 3
41797 | 2
41806 | 3
41870 | 2
41785 | 2
41930 | 2
41621 | 3
41731 | 3
41789 | 2
41806 | 2
41850 | 3
41786 | 2
41720 | 3
41812 | 3
47367 | 2
36196 | 2
41763 | 2
45732 | 3
37971 | 2
43228 | 2
40312 | 2
41870 | 2
51959 | 2
31489 | 2
41769 | 2
41834 | 2
41821 | 3
48436 | 2
35097 | 3
41793 | 2
41776 | 2
41888 | 2
41799 | 3
41838 | 2
41699 | 3
41761 | 3
41764 | 3
41803 | 3
41795 | 3
41798 | 2
41832 | 2
41761 | 3
41809 | 3
41801 | 3
43352 | 2
40251 | 2
41789 | 2
41776 | 3
41830 | 3
41718 | 2
41753 | 2
41838 | 2
41776 | 2
42056 | 3
41534 | 2
41759 | 3
43102 | 2
40463 | 3
41802 | 2
41895 | 2
41797 | 3
41762 | 2
41745 | 2
41790 | 3
41900 | 3
41662 | 2
45540 | 3
38057 | 2
42291 | 3
41294 | 2
41826 | 3
41721 | 3
41896 | 3
41837 | 2
41742 | 2
41834 | 2
41739 | 2
41725 | 2
41759 | 2
41849 | 3
41762 | 3
41779 | 2
41847 | 2
41733 | 3
41880 | 2
41730 | 2
41751 | 2
41868 | 3
41807 | 3
41829 | 2
41747 | 3
41753 | 3
41748 | 3
61551 | 3
22051 | 2
42281 | 2
41355 | 2
41709 | 3
49233 | 2
34386 | 3
41861 | 2
41766 | 3
41794 | 3
41801 | 2
41719 | 2
43212 | 2
40370 | 2
41774 | 2
41808 | 3
41830 | 3
41859 | 3
41675 | 2
41797 | 2
41782 | 3
41865 | 2
45574 | 2
37987 | 3
42206 | 2
41391 | 3
41718 | 2
41775 | 2
41772 | 3
41846 | 3
41809 | 2
41787 | 3
41779 | 3
41847 | 3
41651 | 2
41810 | 3
41913 | 2
41805 | 3
41779 | 2
41722 | 3
41781 | 2
41798 | 2
41773 | 2
41823 | 2
41763 | 3
41828 | 3
41769 | 2
41763 | 2
41803 | 2
43520 | 2
40151 | 3
42862 | 3
40656 | 2
41765 | 3
41848 | 2
41735 | 3
41799 | 2
41842 | 2
41741 | 2
41766 | 3
41840 | 3
42999 | 3
40541 | 2
41735 | 2
41967 | 3
42041 | 2
41514 | 2
41704 | 2
41799 | 3
42550 | 4
41040 | 3
50123 | 2
33456 | 2
42334 | 2
41245 | 3
41803 | 2
46349 | 3
37331 | 3
41672 | 2
41868 | 2
41780 | 3
41738 | 2
41844 | 2
41682 | 3
41837 | 3
41882 | 3
41727 | 2
41780 | 2
41760 | 2
41789 | 3
41856 | 2
41885 | 3
41681 | 2
41822 | 3
41766 | 3
41744 | 2
41891 | 2
41711 | 2
43541 | 2
40023 | 3
42252 | 2
41375 | 2
41748 | 2
41787 | 3
41791 | 2
41871 | 3
41811 | 2
41757 | 2
41770 | 3
41739 | 2
41910 | 2
41670 | 2
41753 | 2
41903 | 3
41753 | 2
41749 | 2
41813 | 2
41789 | 2
41790 | 2
41881 | 3
45624 | 2
37908 | 3
41854 | 3
41722 | 2
41777 | 3
41794 | 2
41783 | 3
42100 | 2
41472 | 2
41711 | 3
41859 | 2
41790 | 3
41799 | 3
41880 | 2
41805 | 2
41821 | 2
41663 | 2
41777 | 3
41813 | 2
41779 | 2
41784 | 3
41942 | 2
41850 | 3
42034 | 2
41721 | 2
41759 | 2
42178 | 2
44027 | 3
39214 | 2
42510 | 2
40930 | 2
41787 | 2
42500 | 2
40841 | 2
41782 | 2
41782 | 3
42414 | 2
41631 | 3
41753 | 3
43193 | 2
40378 | 3
41596 | 2
43236 | 3
40400 | 2
42099 | 3
41213 | 2
41792 | 3
41777 | 2
41765 | 3
45693 | 3
37953 | 2
41788 | 3
41859 | 3
41720 | 2
41761 | 3
41906 | 2
42375 | 3
41236 | 2
41639 | 2
41816 | 2
41806 | 3
41761 | 2
41864 | 2
41725 | 3
41803 | 3
41800 | 2
41759 | 3
41791 | 2
41865 | 3
41808 | 3
41921 | 2
41647 | 2
41880 | 5
41689 | 3
41745 | 4
41764 | 3
43664 | 2
39924 | 3
42274 | 2
41262 | 2
42061 | 2
41711 | 3
42680 | 2
40792 | 3
57667 | 2
25910 | 2
42354 | 3
41715 | 3
41254 | 2
41836 | 2
41718 | 3
41853 | 3
41802 | 3
41739 | 3
42941 | 3
40959 | 2
41624 | 2
41756 | 2
45543 | 2
37985 | 3
41780 | 2
41795 | 3
41774 | 2
42207 | 2
41362 | 2
43247 | 3
40357 | 2
41841 | 3
41723 | 2
41779 | 3
41938 | 3
42057 | 3
41631 | 3
41627 | 2
41695 | 2
41807 | 2
41776 | 2
41789 | 3
41864 | 2
41720 | 3
41791 | 2
41807 | 2
41775 | 3
42099 | 2
41602 | 3
44091 | 2
40237 | 2
42804 | 2
40176 | 3
41570 | 2
41759 | 2
41779 | 2
41773 | 2
41812 | 2
41843 | 2
41742 | 3
41791 | 2
43034 | 3
40639 | 2
41799 | 2
41771 | 2
41756 | 3
41740 | 2
41779 | 2
41954 | 3
41567 | 2
41900 | 2
45683 | 3
39213 | 3
40574 | 3
41682 | 2
41868 | 2
41574 | 3
41967 | 3
42190 | 2
41430 | 2
41738 | 2
41806 | 3
41741 | 2
41714 | 2
41895 | 3
41776 | 2
41768 | 3
41786 | 2
41800 | 2
41961 | 2
41713 | 2
41791 | 2
41790 | 3
41720 | 3
41841 | 3
41735 | 2
41785 | 2
41839 | 2
43471 | 3
40131 | 2
41722 | 2
41776 | 2
41748 | 2
41813 | 3
41963 | 2
42074 | 2
41457 | 2
41802 | 2
41975 | 2
41510 | 3
43022 | 3
40579 | 2
41790 | 3
41765 | 2
41836 | 2
41760 | 2
41761 | 2
41923 | 3
41830 | 4
41745 | 3
43901 | 3
39612 | 2
41775 | 3
41753 | 2
41799 | 3
41799 | 2
41805 | 2
42277 | 3
41330 | 3
41752 | 3
42611 | 2
41130 | 4
41717 | 3
42239 | 3
41321 | 2
41715 | 2
41923 | 2
42143 | 2
41357 | 2
41737 | 3
41819 | 2
41863 | 2
41694 | 2
41845 | 3
41799 | 2
41811 | 3
41811 | 2
43556 | 3
40016 | 3
41844 | 3
41844 | 2
41827 | 2
41700 | 3
41822 | 2
42923 | 2
40685 | 3
41752 | 2
41849 | 3
41750 | 2
43162 | 2
40408 | 2
41770 | 2
41862 | 2
41820 | 3
41745 | 2
41761 | 2
41776 | 2
41864 | 2
41764 | 3
45821 | 2
37713 | 3
41833 | 2
41768 | 3
41856 | 3
41727 | 2
41774 | 3
42299 | 2
41263 | 3
41897 | 3
41747 | 2
41745 | 2
41757 | 3
41901 | 2
41758 | 2
41922 | 3
41738 | 2
41697 | 2
41768 | 2
41785 | 3
41797 | 3
41890 | 2
41662 | 3
41909 | 2
41709 | 2
41799 | 3
41787 | 2
43639 | 2
39955 | 3
41793 | 3
41768 | 2
41780 | 2
41763 | 2
41814 | 3
42216 | 2
41553 | 3
41669 | 2
41803 | 2
41710 | 2
41804 | 3
41803 | 2
41833 | 2
41772 | 2
41837 | 2
41834 | 3
41662 | 2
42282 | 3
41363 | 3
41678 | 2
45784 | 2
37817 | 2
41900 | 2
41717 | 2
41814 | 3
41770 | 3
41793 | 2
41822 | 2
41971 | 5
41663 | 3
41734 | 3
41773 | 2
41799 | 3
41764 | 2
46727 | 3
36918 | 3
41796 | 2
42191 | 2
41328 | 3
43197 | 3
40186 | 3
41826 | 3
41800 | 2
41907 | 2
41665 | 3
41775 | 3
41782 | 2
43637 | 2
40076 | 2
41805 | 2
41690 | 4
41841 | 3
41743 | 2
42529 | 3
41424 | 2
42244 | 3
41404 | 3
42343 | 3
41472 | 2
42519 | 2
41108 | 2
41001 | 3
43375 | 2
40284 | 2
42502 | 2
41051 | 2
41875 | 4
41817 | 3
41789 | 2
45652 | 3
37926 | 3
41813 | 3
41709 | 2
41753 | 3
42136 | 2
41454 | 2
41776 | 3
42367 | 2
41275 | 3
41736 | 2
41848 | 2
42388 | 3
41117 | 2
41834 | 2
41784 | 3
41779 | 2
41847 | 2
41804 | 3
41780 | 2
41764 | 3
41760 | 3
42177 | 2
41491 | 2
41696 | 3
41853 | 2
41712 | 2
43681 | 3
39920 | 2
41831 | 2
41663 | 2
41863 | 2
41832 | 2
41771 | 3
42274 | 2
41273 | 3
41801 | 2
41934 | 3
41771 | 3
41901 | 2
41637 | 2
41818 | 2
41756 | 2
41789 | 2
41792 | 2
41741 | 3
41797 | 2
41765 | 4
41854 | 3
45658 | 2
37851 | 2
41830 | 3
41797 | 3
41877 | 2
41719 | 2
41769 | 2
42012 | 2
42232 | 2
41532 | 3
41886 | 2
41806 | 3
43621 | 3
39923 | 2
42328 | 2
41202 | 3
41923 | 2
41208 | 2
43147 | 2
40451 | 2
41795 | 2
41823 | 2
41801 | 4
41771 | 2
41778 | 2
41777 | 3
41789 | 3
43656 | 2
39913 | 2
41881 | 3
41844 | 2
41722 | 2
41776 | 2
41806 | 2
42181 | 3
41336 | 2
41822 | 2
41759 | 2
41866 | 3
41646 | 2
41868 | 2
41715 | 2
41892 | 2
41731 | 3
41837 | 2
41779 | 2
41812 | 3
41720 | 3
42032 | 3
45923 | 2
37561 | 3
41752 | 2
41803 | 3
41793 | 2
41775 | 2
41746 | 2
41770 | 2
41805 | 3
41794 | 2
41773 | 2
41788 | 2
42333 | 2
41304 | 3
41759 | 3
41776 | 2
41785 | 3
41799 | 3
41827 | 2
41747 | 2
41834 | 2
41684 | 3
41950 | 2
41824 | 3
41741 | 3
41771 | 4
41734 | 2
43748 | 2
39818 | 3
42039 | 2
41592 | 2
41723 | 2
41779 | 3
41822 | 2
41827 | 3
41832 | 3
41726 | 2
41775 | 2
41794 | 2
42100 | 2
41488 | 2
41736 | 2
41931 | 3
41895 | 2
41703 | 3
41746 | 2
41769 | 4
41758 | 3
41812 | 3
45817 | 2
37750 | 3
41812 | 2
41783 | 3
41777 | 3
41791 | 2
41902 | 2
41695 | 2
41757 | 2
41800 | 2
41798 | 2
41968 | 2
42170 | 2
41335 | 3
41831 | 2
41732 | 3
41787 | 2
41736 | 2
41810 | 2
41738 | 3
41797 | 2
41803 | 3
41838 | 2
41797 | 2
41727 | 2
41781 | 3
41825 | 2
44014 | 2
39562 | 3
41752 | 2
41815 | 3
41901 | 2
41640 | 2
41924 | 2
41790 | 2
41774 | 3
41827 | 3
41784 | 2
41755 | 2
42766 | 2
40735 | 3
41833 | 2
41755 | 2
41869 | 3
41736 | 2
41787 | 3
41853 | 3
41749 | 2
41778 | 3
45885 | 3
37611 | 2
41849 | 2
41879 | 2
41853 | 2
41753 | 3
41804 | 2
41737 | 2
41757 | 2
41769 | 2
41792 | 2
41783 | 2
42351 | 2
41231 | 2
41800 | 2
41818 | 2
41770 | 2
41742 | 2
41807 | 3
41863 | 3
41746 | 3
41799 | 3
41773 | 2
42383 | 2
41452 | 3
41733 | 2
41670 | 3
43657 | 2
39858 | 2
41820 | 2
41707 | 2
41820 | 3
41767 | 3
41819 | 2
41810 | 2
41784 | 2
41899 | 3
41718 | 2
41741 | 2
43644 | 2
39955 | 3
42227 | 2
41333 | 3
41915 | 2
41780 | 3
42279 | 3
41328 | 3
41807 | 2
41704 | 2
41712 | 2
42164 | 2
41425 | 2
41801 | 2
41824 | 2
41724 | 2
42151 | 3
41402 | 2
42075 | 3
41607 | 2
41767 | 2
41800 | 3
41821 | 3
41918 | 2
41785 | 3
41708 | 2
41761 | 2
41828 | 2
41873 | 2
41797 | 2
41642 | 2
41791 | 2
41755 | 2
41913 | 3
41667 | 2
41844 | 3
41762 | 3
43696 | 3
40403 | 2
41327 | 2
42192 | 2
41295 | 3
42010 | 3
41796 | 3
41671 | 2
41851 | 2
41802 | 3
41793 | 3
41736 | 2
42166 | 2
41344 | 2
41771 | 3
41789 | 3
41803 | 3
41824 | 2
41768 | 2
41768 | 2
41794 | 3
41804 | 2
45927 | 2
37621 | 2
41807 | 2
41799 | 3
41838 | 2
41823 | 3
41762 | 2
41875 | 3
42012 | 2
41509 | 2
41800 | 2
41744 | 3
41796 | 2
41760 | 3
41755 | 2
41816 | 2
41776 | 2
42373 | 2
41231 | 2
41796 | 2
41827 | 2
41800 | 3
41733 | 3
41811 | 2
41755 | 3
41800 | 3
41883 | 3
44339 | 3
39279 | 2
41730 | 2
41729 | 2
41804 | 3
41805 | 3
41731 | 3
41848 | 3
41787 | 3
41770 | 3
41812 | 2
41852 | 3
44593 | 3
39394 | 2
41769 | 2
41325 | 3
41885 | 3
41689 | 2
42274 | 3
41780 | 3
41417 | 2
41861 | 3
45641 | 3
37826 | 2
41746 | 3
41792 | 2
41801 | 2
41726 | 2
41846 | 2
41850 | 3
41700 | 3
41841 | 2
43926 | 3
39654 | 2
41777 | 3
41781 | 2
41784 | 3
41823 | 2
41858 | 2
42891 | 2
40665 | 2
41811 | 2
41831 | 2
41704 | 3
41817 | 2
41766 | 2
41751 | 3
41962 | 2
41591 | 2
44349 | 2
39270 | 2
41814 | 3
42463 | 3
41097 | 2
41764 | 3
41790 | 3
41786 | 2
41807 | 2
41899 | 2
41756 | 2
41854 | 2
43574 | 3
39902 | 2
41785 | 2
41803 | 3
41778 | 2
41697 | 2
41865 | 2
41870 | 2
41711 | 3
41797 | 4
41759 | 2
41795 | 2
41876 | 3
41762 | 2
41778 | 3
42199 | 2
41347 | 3
41807 | 2
41875 | 2
41782 | 2
41930 | 6
42154 | 3
41814 | 3
42194 | 3
40825 | 2
41739 | 3
41788 | 2
42182 | 3
41429 | 2
41752 | 2
41842 | 2
41831 | 3
42132 | 2
41563 | 3
41753 | 4
41820 | 2
41803 | 2
44610 | 2
38934 | 2
41872 | 2
41657 | 3
41841 | 2
41739 | 3
41851 | 3
41777 | 3
41887 | 2
41795 | 3
41839 | 2
41618 | 2
44141 | 3
39467 | 3
41870 | 4
41691 | 3
41865 | 3
41924 | 3
41697 | 2
41763 | 3
41718 | 2
41919 | 4
41661 | 3
41824 | 3
41881 | 2
41665 | 3
41805 | 2
42788 | 3
40865 | 2
41822 | 2
41701 | 2
41756 | 2
41819 | 2
41816 | 3
41705 | 2
42084 | 2
41530 | 3
41848 | 2
41822 | 3
42255 | 3
41305 | 3
41753 | 3
41779 | 3
41826 | 3
41793 | 3
41887 | 3
41679 | 3
41744 | 2
41843 | 3
43811 | 3
39774 | 3
41743 | 3
41731 | 3
41907 | 2
42197 | 3
41352 | 2
41791 | 3
41787 | 3
41822 | 2
43830 | 2
39771 | 3
43857 | 2
39684 | 3
41716 | 3
41847 | 3
41855 | 2
42564 | 2
40920 | 2
41926 | 3
41758 | 2
41744 | 2
45897 | 3
37671 | 2
41778 | 3
41802 | 3
41796 | 2
41876 | 2
41681 | 3
41844 | 3
41786 | 2
41850 | 3
41711 | 2
41750 | 2
41817 | 3
41767 | 3
41770 | 2
41745 | 3
41712 | 3
42896 | 2
43793 | 3
39067 | 2
42156 | 3
41523 | 3
41897 | 2
41694 | 3
41716 | 3
42508 | 2
41429 | 3
47708 | 3
35516 | 2
41468 | 3
41725 | 2
41911 | 2
41658 | 2
41799 | 3
41790 | 3
41778 | 2
41815 | 2
41644 | 2
41929 | 3
42250 | 3
41314 | 3
41791 | 2
41774 | 2
41823 | 2
43287 | 2
40353 | 2
42213 | 3
41355 | 3
41789 | 2
46270 | 2
37202 | 2
41860 | 3
41833 | 2
41740 | 3
41839 | 2
41716 | 2
41815 | 2
42167 | 2
41448 | 3
41743 | 2
41796 | 3
41730 | 3
42023 | 2
41702 | 2
41797 | 2
41731 | 3
41773 | 2
41797 | 2
41762 | 3
41803 | 2
41797 | 3
41764 | 3
41799 | 3
41828 | 2
41784 | 2
41764 | 3
43943 | 3
39632 | 3
41894 | 2
41793 | 2
41910 | 2
41643 | 2
41766 | 3
41802 | 2
41732 | 2
41835 | 2
41737 | 3
41821 | 2
43371 | 3
40283 | 2
41681 | 3
41881 | 3
41745 | 3
45258 | 2
38279 | 2
42026 | 3
41641 | 3
41882 | 3
46382 | 3
37069 | 2
42336 | 2
41246 | 2
43456 | 3
40852 | 2
41368 | 2
41469 | 3
41796 | 3
41790 | 2
41852 | 2
41729 | 2
41779 | 3
41881 | 3
41783 | 2
41800 | 2
41903 | 2
41643 | 3
41752 | 2
41792 | 2
41766 | 3
44042 | 2
41698 | 3
40175 | 2
41298 | 3
42216 | 2
42151 | 3
52424 | 3
30601 | 2
41707 | 3
41998 | 3
41510 | 2
41762 | 3
41795 | 2
41846 | 3
41648 | 2
41806 | 3
41744 | 2
41943 | 3
43279 | 2
40197 | 3
41762 | 2
41830 | 2
41842 | 3
42225 | 2
41457 | 3
41968 | 2
41642 | 2
41968 | 3
47101 | 2
36393 | 2
41992 | 3
41691 | 3
42093 | 2
44115 | 3
38775 | 2
41796 | 2
41811 | 2
41774 | 2
41824 | 3
41769 | 3
41772 | 3
41791 | 2
41781 | 3
42132 | 3
41631 | 3
41696 | 2
41769 | 3
41738 | 2
41801 | 3
41758 | 2
42888 | 2
40807 | 2
41717 | 2
41797 | 3
41770 | 2
43934 | 2
39678 | 2
41758 | 3
41755 | 2
41981 | 2
41687 | 2
41814 | 2
41692 | 3
41847 | 2
41781 | 2
41777 | 3
41830 | 2
43271 | 3
40265 | 2
41864 | 3
41726 | 2
41804 | 3
42256 | 3
41307 | 2
41932 | 2
41651 | 3
41840 | 3
41620 | 3
41967 | 2
41840 | 2
41767 | 2
41750 | 3
41801 | 3
41733 | 2
41786 | 3
41826 | 3
41769 | 3
44723 | 2
38850 | 3
41851 | 2
41741 | 2
41799 | 3
41770 | 3
41883 | 2
41801 | 3
41835 | 3
41717 | 3
41729 | 2
41747 | 3
42217 | 3
41424 | 2
41802 | 3
41766 | 3
41846 | 2
43991 | 2
39527 | 3
41883 | 3
41646 | 2
41829 | 2
41775 | 3
41914 | 3
41844 | 3
41755 | 3
41719 | 2
41772 | 3
41774 | 2
43812 | 3
39762 | 2
42558 | 3
41085 | 2
41764 | 3
42671 | 2
40895 | 3
42246 | 2
41782 | 3
42655 | 2
45595 | 2
36739 | 3
42915 | 2
40691 | 4
41715 | 3
41772 | 2
41799 | 2
41789 | 2
41777 | 2
41817 | 3
41801 | 2
41809 | 3
41749 | 3
41783 | 3
41832 | 2
41730 | 3
41779 | 2
41971 | 3
41731 | 2
41773 | 3
41777 | 2
41754 | 3
42303 | 2
41341 | 3
41695 | 3
41617 | 3
41757 | 3
46928 | 2
36897 | 3
41804 | 2
41670 | 2
41858 | 3
