8 | 695
9 | 498
9 | 374
7 | 291
7 | 441
9 | 294
7 | 216
15 | 1
7431 | 2
41253 | 74
42650 | 138
40944 | 54
47444 | 99
35517 | 41
41567 | 37
41792 | 34
41915 | 31
41879 | 2
41392 | 21
41632 | 27
42640 | 26
43708 | 51
39718 | 2
41515 | 15
41494 | 21
41859 | 19
43509 | 39
40188 | 44
41671 | 30
41388 | 2
42513 | 27
41044 | 14
41893 | 13
41646 | 13
42130 | 2
41374 | 2
41826 | 3
41975 | 2
43742 | 10
42606 | 28
38874 | 11
41887 | 10
41826 | 2
42709 | 6
40462 | 10
41797 | 10
42502 | 20
41130 | 2
41888 | 15
41848 | 8
42090 | 18
41719 | 9
41735 | 7
41715 | 16
42940 | 15
40415 | 7
42269 | 6
40973 | 6
41707 | 6
42320 | 13
45026 | 2
41542 | 3
38716 | 6
41397 | 6
41896 | 6
41423 | 6
41859 | 3
41699 | 3
41792 | 11
41857 | 6
41962 | 11
42399 | 11
41596 | 2
42011 | 8
41519 | 10
41343 | 5
42592 | 9
41516 | 2
41874 | 3
41261 | 9
41952 | 2
41564 | 8
41818 | 9
41833 | 4
42719 | 4
41134 | 2
41843 | 3
41938 | 2
44524 | 8
38677 | 2
42296 | 3
41225 | 4
43790 | 8
40418 | 4
41267 | 6
41902 | 4
41979 | 4
41299 | 4
42264 | 4
41608 | 4
41528 | 2
41870 | 6
42345 | 2
44124 | 7
39701 | 4
42462 | 7
40293 | 4
42241 | 3
41205 | 4
42210 | 3
46807 | 2
36397 | 3
41803 | 2
41787 | 6
41780 | 7
41826 | 3
41741 | 4
41538 | 3
41902 | 3
42039 | 3
41402 | 3
41906 | 4
41753 | 3
41712 | 6
42266 | 3
41419 | 3
42081 | 6
41691 | 3
41738 | 2
41749 | 6
41949 | 2
41962 | 3
41249 | 3
41790 | 3
41909 | 2
42911 | 6
40652 | 3
43163 | 6
40375 | 3
41766 | 6
41810 | 2
41739 | 3
41812 | 3
42028 | 3
41789 | 5
41826 | 3
41848 | 3
41626 | 2
41566 | 3
41819 | 5
41795 | 3
41912 | 2
42895 | 4
40590 | 3
41831 | 3
41738 | 3
41819 | 3
42355 | 2
41265 | 5
45290 | 3
38448 | 3
41904 | 2
41685 | 3
41818 | 5
41757 | 3
41580 | 2
41830 | 3
41701 | 3
41708 | 3
41808 | 5
41762 | 3
41783 | 2
41871 | 5
41873 | 2
41860 | 3
41703 | 3
41805 | 3
42030 | 5
41779 | 3
41797 | 3
41953 | 3
41625 | 3
41598 | 3
41717 | 3
41698 | 3
41766 | 3
43109 | 2
40426 | 3
41844 | 5
41659 | 3
41885 | 3
41805 | 5
41759 | 3
41942 | 2
41679 | 2
42057 | 6
41735 | 2
42168 | 3
41550 | 3
41409 | 5
41816 | 3
41766 | 3
41760 | 3
41807 | 5
41866 | 4
41624 | 3
43247 | 3
40382 | 2
45243 | 5
38431 | 3
41617 | 3
41805 | 2
42407 | 3
41430 | 4
41953 | 2
42214 | 5
41288 | 3
42094 | 3
41475 | 5
41948 | 3
41733 | 3
43917 | 3
39700 | 3
42131 | 3
41335 | 2
42086 | 3
41470 | 3
41876 | 2
43189 | 3
40857 | 3
41425 | 2
41644 | 2
41673 | 5
42134 | 3
41685 | 3
44024 | 3
39626 | 3
42207 | 3
41268 | 3
42002 | 3
41823 | 3
41561 | 4
41671 | 3
42154 | 3
41342 | 2
42543 | 5
42246 | 3
41104 | 3
41363 | 3
42137 | 3
42204 | 3
41551 | 3
42109 | 2
40969 | 3
42046 | 4
41509 | 3
41898 | 3
49181 | 3
34464 | 3
41931 | 2
42523 | 4
41336 | 4
41154 | 2
41858 | 3
41836 | 2
42198 | 3
41872 | 3
42052 | 3
41290 | 3
41547 | 3
42204 | 3
41369 | 4
41831 | 3
41805 | 5
41388 | 4
41827 | 3
41714 | 3
43786 | 3
39867 | 3
41780 | 2
41772 | 2
41739 | 4
42123 | 3
41538 | 2
43174 | 3
40701 | 3
41759 | 3
41803 | 3
41793 | 2
41778 | 4
41491 | 3
41838 | 3
41721 | 2
41811 | 3
41798 | 3
42158 | 4
41414 | 3
41791 | 3
41995 | 4
41605 | 2
41790 | 2
41747 | 3
42054 | 2
41954 | 2
41658 | 5
41930 | 3
45001 | 4
38086 | 3
41746 | 3
42170 | 4
41765 | 3
41799 | 3
41859 | 4
41723 | 2
42469 | 2
41130 | 3
41808 | 2
41761 | 3
41518 | 3
41938 | 3
41689 | 4
41742 | 3
41816 | 3
41920 | 4
41564 | 3
41873 | 4
42832 | 3
40727 | 3
41698 | 2
41798 | 2
41872 | 2
42999 | 5
40652 | 2
43026 | 2
40756 | 5
41990 | 2
41675 | 4
41818 | 4
41772 | 3
41433 | 2
41950 | 2
41697 | 3
41748 | 2
41895 | 2
41651 | 4
41963 | 2
41839 | 2
42382 | 4
41045 | 4
41785 | 3
41832 | 2
42530 | 4
41310 | 2
42028 | 4
41571 | 3
45147 | 2
38070 | 4
41731 | 3
41877 | 4
41880 | 2
41637 | 3
41924 | 4
42152 | 2
41578 | 3
41845 | 4
44066 | 3
39488 | 2
42544 | 2
41162 | 4
41591 | 2
41945 | 3
42243 | 2
41774 | 2
41602 | 3
41810 | 3
41867 | 2
41486 | 3
41762 | 3
41987 | 2
41711 | 4
41979 | 2
41528 | 3
44298 | 2
39967 | 3
40921 | 2
42698 | 2
41066 | 3
41797 | 2
41769 | 2
41707 | 2
41763 | 3
41807 | 2
41548 | 3
41725 | 2
41889 | 2
41744 | 4
41910 | 3
41668 | 4
42046 | 3
42204 | 2
41361 | 2
42209 | 3
42839 | 3
40487 | 2
44860 | 2
38868 | 2
41191 | 4
44331 | 2
39474 | 3
42048 | 2
42281 | 3
40889 | 2
41793 | 2
43092 | 2
41081 | 2
41395 | 3
41810 | 2
42226 | 2
41501 | 4
42142 | 3
41035 | 2
42304 | 4
41167 | 2
41872 | 2
41903 | 3
41799 | 2
41646 | 2
42252 | 2
42686 | 4
42728 | 2
39549 | 2
43714 | 3
40131 | 2
41766 | 3
41750 | 2
42443 | 2
41795 | 2
41273 | 3
42068 | 4
41459 | 2
42266 | 4
41627 | 3
41169 | 2
41844 | 2
41790 | 2
42037 | 4
41917 | 3
41856 | 3
41411 | 2
41722 | 2
41810 | 2
42703 | 2
40845 | 2
45281 | 4
38307 | 2
41799 | 3
42373 | 3
41451 | 2
41777 | 3
41780 | 3
41740 | 2
42530 | 3
41198 | 2
41443 | 3
41886 | 4
41727 | 2
42108 | 2
41486 | 4
41743 | 2
41807 | 2
41837 | 2
41735 | 2
41852 | 4
41655 | 3
41880 | 3
41803 | 2
41874 | 2
41896 | 2
42275 | 2
41323 | 3
43326 | 3
40051 | 2
41836 | 2
42192 | 2
41342 | 2
41769 | 3
41806 | 3
41790 | 3
41787 | 3
41747 | 2
41740 | 2
42212 | 2
41848 | 2
41612 | 3
41834 | 3
41929 | 3
42231 | 2
41226 | 3
41765 | 3
41786 | 2
42206 | 2
41164 | 2
43626 | 2
39924 | 2
41856 | 4
45354 | 3
38401 | 3
41770 | 2
42184 | 2
41706 | 2
41804 | 2
41465 | 2
41850 | 4
42280 | 3
41424 | 3
41954 | 2
41483 | 2
42495 | 2
41201 | 4
42114 | 2
42049 | 4
41422 | 2
42392 | 2
40981 | 3
42442 | 2
41131 | 3
42386 | 2
41897 | 2
41921 | 2
42346 | 2
40809 | 3
41252 | 2
41793 | 3
42298 | 3
41657 | 3
41979 | 3
41362 | 2
42210 | 2
41336 | 2
43575 | 3
40281 | 2
41421 | 3
41792 | 2
41718 | 4
41860 | 2
41601 | 2
41779 | 4
41730 | 2
41837 | 3
41792 | 2
41838 | 3
45313 | 2
38081 | 2
42387 | 2
43199 | 3
40201 | 2
41803 | 2
41667 | 2
41807 | 4
41768 | 2
41600 | 2
41822 | 2
41794 | 2
41779 | 3
41807 | 2
41727 | 2
41879 | 2
41771 | 4
41814 | 3
41622 | 2
41856 | 2
41878 | 3
41721 | 2
41750 | 3
42050 | 2
41812 | 3
43013 | 2
41086 | 2
43000 | 4
39874 | 3
41810 | 3
42323 | 2
41252 | 2
41761 | 3
41803 | 2
42154 | 3
41449 | 2
44138 | 2
39399 | 3
43024 | 2
40619 | 3
43543 | 2
41287 | 2
40458 | 4
41989 | 3
41872 | 2
41767 | 2
42228 | 2
42136 | 3
41003 | 2
45742 | 3
37844 | 2
41884 | 3
41892 | 2
41671 | 3
41780 | 2
41744 | 2
41726 | 2
41726 | 3
42738 | 2
40904 | 3
41833 | 2
41811 | 2
41695 | 3
41683 | 2
41781 | 2
41806 | 5
42609 | 2
40936 | 2
41800 | 2
42248 | 3
41261 | 2
42005 | 2
41558 | 3
41941 | 2
42756 | 2
41339 | 2
43217 | 3
40167 | 2
41978 | 2
41485 | 2
41832 | 2
41804 | 2
41520 | 2
41815 | 2
41737 | 3
41793 | 3
41980 | 2
41912 | 2
42020 | 2
41674 | 3
41775 | 2
41835 | 4
42028 | 3
41436 | 2
41904 | 2
41727 | 4
41853 | 2
41795 | 3
46267 | 2
37784 | 3
41206 | 2
43215 | 2
40958 | 3
41232 | 3
41867 | 3
41693 | 2
42103 | 3
41939 | 3
42030 | 2
41497 | 3
41912 | 2
41979 | 2
41389 | 3
44487 | 2
43241 | 2
37404 | 2
42831 | 3
40716 | 3
42324 | 3
41562 | 3
41875 | 2
41533 | 2
42205 | 2
41695 | 2
41646 | 3
44852 | 3
38551 | 2
41914 | 3
41522 | 2
41840 | 3
41735 | 2
41819 | 2
41771 | 3
41802 | 2
41772 | 4
41521 | 3
41898 | 2
41726 | 3
41796 | 2
41745 | 2
41807 | 3
41844 | 2
41670 | 2
41745 | 3
41888 | 2
41771 | 2
41802 | 3
45544 | 3
38083 | 2
41761 | 2
43120 | 2
40752 | 3
42243 | 3
41303 | 2
42241 | 3
41303 | 2
42153 | 2
41257 | 3
41771 | 3
41758 | 2
41830 | 3
42369 | 2
41792 | 3
41197 | 2
41833 | 3
41532 | 3
41818 | 2
42005 | 2
41663 | 3
41741 | 2
41962 | 3
41923 | 2
42544 | 3
40965 | 3
43455 | 2
39918 | 3
41853 | 2
42138 | 4
41406 | 2
42269 | 3
41273 | 3
41787 | 3
41778 | 2
41924 | 3
41719 | 3
41758 | 4
41784 | 3
41776 | 2
42221 | 2
41360 | 3
42127 | 2
41750 | 2
41766 | 3
41739 | 3
41733 | 2
41642 | 2
45405 | 2
38170 | 3
41783 | 3
43936 | 2
39714 | 3
41758 | 2
41770 | 2
41784 | 2
42060 | 3
41482 | 2
41824 | 3
41794 | 2
41852 | 3
41881 | 2
41911 | 2
42289 | 2
41204 | 3
41825 | 2
42614 | 4
41141 | 2
41972 | 3
41250 | 2
42255 | 3
41253 | 2
42239 | 3
41365 | 2
41834 | 3
43768 | 3
39850 | 2
41749 | 2
42419 | 4
41159 | 3
41749 | 3
42081 | 3
41775 | 3
41810 | 3
41737 | 2
41821 | 3
41469 | 3
41871 | 2
41782 | 3
42113 | 3
41450 | 2
41739 | 2
41865 | 2
41783 | 2
41792 | 2
41803 | 2
41772 | 3
45452 | 2
38179 | 3
42070 | 3
42619 | 2
40881 | 3
41769 | 2
42687 | 2
41211 | 3
41456 | 3
41896 | 2
42585 | 3
40921 | 2
42267 | 3
41399 | 3
42133 | 2
41480 | 2
41686 | 3
42092 | 3
41618 | 2
42768 | 2
40964 | 3
41552 | 3
41823 | 2
41820 | 2
42255 | 2
41155 | 2
42178 | 3
44413 | 3
39188 | 2
42113 | 2
41890 | 3
41013 | 2
41857 | 2
41763 | 2
41758 | 2
41802 | 3
41825 | 2
41503 | 3
41806 | 3
41766 | 2
41862 | 2
41664 | 2
41826 | 3
42036 | 2
41598 | 2
41603 | 3
41990 | 2
41695 | 3
41985 | 3
45377 | 2
38082 | 3
41814 | 2
41743 | 3
42066 | 2
41765 | 2
41784 | 3
41785 | 3
41797 | 2
41565 | 2
41808 | 3
41715 | 2
41792 | 2
41965 | 4
41589 | 2
41977 | 3
41675 | 2
41781 | 2
41793 | 3
41813 | 3
41897 | 2
41633 | 3
41845 | 2
42076 | 2
41721 | 2
41750 | 3
41870 | 2
43472 | 3
40160 | 2
41814 | 2
42817 | 2
41132 | 3
41953 | 3
41193 | 2
42020 | 2
41551 | 2
41760 | 4
41860 | 2
41704 | 3
43016 | 2
40596 | 2
42371 | 2
41209 | 2
41858 | 2
41533 | 3
42316 | 2
41374 | 3
41958 | 3
41777 | 3
45529 | 2
37988 | 3
41841 | 3
42226 | 3
41306 | 2
41788 | 3
42123 | 2
41255 | 3
42374 | 2
41153 | 3
41877 | 2
41714 | 2
41817 | 2
41812 | 2
41781 | 2
42221 | 2
41350 | 2
41765 | 2
41840 | 2
42160 | 3
41715 | 3
41775 | 2
41741 | 2
41419 | 2
41953 | 3
41749 | 28
41853 | 2
43256 | 2
40246 | 2
41837 | 2
42739 | 2
40789 | 2
41824 | 3
42088 | 3
41488 | 2
42371 | 2
41212 | 3
42092 | 2
42091 | 2
41456 | 3
41799 | 2
41753 | 3
41810 | 2
41400 | 2
41896 | 3
41905 | 2
41681 | 3
41720 | 2
42254 | 3
45340 | 2
38554 | 2
41694 | 2
42016 | 3
41750 | 2
41163 | 3
41962 | 2
42143 | 2
42650 | 3
40943 | 2
41656 | 3
41834 | 2
41414 | 3
43101 | 2
40421 | 2
42278 | 3
41904 | 2
41829 | 3
41218 | 3
42023 | 2
42339 | 2
41152 | 3
41939 | 2
41690 | 2
41907 | 4
42382 | 2
40805 | 3
45433 | 2
38508 | 2
41579 | 2
42230 | 3
41779 | 2
41267 | 2
42386 | 2
41428 | 2
41306 | 3
41795 | 2
42290 | 3
41882 | 2
41182 | 2
42396 | 3
41221 | 2
41781 | 3
41853 | 2
41755 | 2
41729 | 2
42205 | 3
41684 | 2
41858 | 3
45479 | 2
37730 | 3
41767 | 2
41787 | 3
41882 | 2
41896 | 3
41640 | 2
41861 | 2
42939 | 3
40480 | 3
41916 | 3
41770 | 2
41814 | 3
41669 | 2
41817 | 2
41892 | 2
41953 | 3
41905 | 2
41613 | 2
41914 | 2
41846 | 2
41443 | 3
41873 | 2
41764 | 2
41825 | 3
41706 | 2
42026 | 3
43400 | 2
39973 | 3
41837 | 2
41764 | 2
41837 | 3
41774 | 2
41835 | 3
41728 | 2
43749 | 2
40286 | 2
41572 | 2
41865 | 3
41778 | 2
41748 | 2
41526 | 3
41684 | 2
42375 | 2
80307 | 3
2802 | 2
41834 | 3
41781 | 2
41774 | 2
45507 | 2
38091 | 2
41757 | 3
41774 | 3
41851 | 2
41754 | 3
41958 | 2
41974 | 2
43148 | 2
40415 | 2
41865 | 3
41629 | 2
41793 | 3
41856 | 2
41678 | 2
41829 | 3
41819 | 2
41625 | 3
41884 | 3
41822 | 2
41792 | 3
41650 | 2
41720 | 2
41812 | 2
41823 | 3
41756 | 2
41765 | 3
43475 | 2
40093 | 3
41957 | 2
41563 | 3
41888 | 2
41793 | 3
41771 | 2
41889 | 4
41952 | 2
41672 | 2
41942 | 3
41666 | 3
41860 | 2
41823 | 2
41514 | 2
41814 | 3
41764 | 2
41799 | 3
41934 | 3
41927 | 2
42836 | 3
40777 | 2
47450 | 3
36087 | 2
41768 | 2
42054 | 3
41543 | 3
43709 | 2
40586 | 3
41278 | 3
42384 | 2
41178 | 3
41791 | 3
41692 | 3
42128 | 2
41661 | 3
41876 | 2
41634 | 3
41633 | 3
41815 | 2
41753 | 2
41768 | 3
41766 | 2
41741 | 3
41962 | 2
41624 | 2
41829 | 3
41500 | 2
41830 | 3
43550 | 2
40052 | 3
41785 | 2
41831 | 3
41768 | 2
41719 | 3
42005 | 2
41626 | 3
42615 | 3
40879 | 2
41918 | 3
41934 | 3
41829 | 2
41785 | 2
41796 | 3
41784 | 2
41559 | 2
41814 | 2
41816 | 2
41660 | 3
41814 | 3
41832 | 2
45653 | 2
37952 | 2
41781 | 3
41771 | 3
41860 | 2
44903 | 2
38610 | 2
41788 | 2
41775 | 2
41766 | 3
41960 | 2
41924 | 3
41821 | 2
41697 | 2
41829 | 3
41907 | 2
41419 | 3
41866 | 4
41714 | 2
41846 | 4
41898 | 2
41898 | 2
41751 | 3
42076 | 3
41714 | 2
41811 | 2
41790 | 2
43826 | 3
39784 | 2
41755 | 3
41880 | 2
41815 | 3
41678 | 3
41533 | 2
41774 | 3
42839 | 3
40832 | 2
42032 | 3
41568 | 2
41920 | 2
43039 | 2
40649 | 2
41723 | 2
41743 | 2
42091 | 2
41854 | 2
42339 | 2
41231 | 3
41576 | 2
45659 | 3
37562 | 2
41886 | 2
41749 | 2
42013 | 3
41811 | 2
41738 | 3236
38646 | 5
42259 | 3
41057 | 2
41891 | 3
41655 | 3
41801 | 3
46915 | 3
36932 | 2
41723 | 3
41595 | 2
41838 | 2
41929 | 4
41627 | 2
41777 | 2
42008 | 2
41485 | 3
41810 | 3
41977 | 2
41798 | 4
41807 | 2
44078 | 2
39266 | 2
41985 | 3
41629 | 2
41711 | 2
41790 | 3
41875 | 2
41791 | 3
42852 | 2
41177 | 2
41359 | 3
41810 | 3
41749 | 2
43155 | 3
40781 | 2
41842 | 3
41587 | 3
41793 | 2
41852 | 3
41764 | 2
41837 | 2
41928 | 6
45437 | 2
38050 | 3
41745 | 3
41816 | 3
41895 | 2
41646 | 3
42001 | 2
41663 | 2
41695 | 2
41730 | 2
42254 | 2
42642 | 4
41106 | 5
41886 | 4
41538 | 2
42096 | 3
41434 | 3
41638 | 2
41763 | 3
41698 | 2
41620 | 3
42190 | 2
41734 | 3
41778 | 2
41355 | 2
41775 | 3
41855 | 3
43443 | 3
40093 | 2
41802 | 3
41557 | 3
41855 | 2
41734 | 3
41952 | 2
41951 | 3
42128 | 3
41414 | 28
41718 | 2
41528 | 2
41901 | 3
41648 | 2
41835 | 3
41792 | 2
41804 | 3
41813 | 2
41723 | 2
41814 | 2
41862 | 2
41647 | 3
48002 | 3
35516 | 3
41836 | 2
41719 | 3
42076 | 2
41826 | 3
41794 | 2
41745 | 2
41793 | 2
41549 | 3
41868 | 3
41732 | 2
41931 | 3
43082 | 2
40545 | 2
41634 | 3
41967 | 2
41653 | 3
41818 | 2
41803 | 2
41784 | 2
41806 | 2
41819 | 3
41767 | 2
42002 | 3
41836 | 3
41906 | 3
43343 | 2
40235 | 2
41366 | 2
41821 | 3
41869 | 2
41744 | 2
41706 | 3
41748 | 2
41855 | 3
41821 | 3
41712 | 3
41874 | 2
41736 | 3
43709 | 2
39926 | 3
41839 | 2
42002 | 2
41762 | 2
41800 | 2
41815 | 2
41794 | 3
41475 | 2
45678 | 3
37942 | 2
41707 | 2
41934 | 2
41757 | 2
41868 | 3
41697 | 2
41719 | 2
41848 | 2
41839 | 2
41748 | 2
41746 | 2
41774 | 2
43753 | 3
40078 | 3
41739 | 3
41817 | 2
41777 | 2
41810 | 3
41621 | 2
41722 | 2
42253 | 3
41660 | 2
41778 | 2
41870 | 3
41704 | 2
41978 | 3
43413 | 2
40008 | 3
42086 | 3
41478 | 2
41804 | 2
41781 | 2
41870 | 2
41800 | 3
42282 | 2
41270 | 2
41771 | 3
41707 | 2
41748 | 2
41793 | 2
41856 | 2
41824 | 2
41727 | 2
41776 | 2
41811 | 3
42435 | 2
41968 | 3
41114 | 2
45635 | 3
37949 | 2
42135 | 2
41343 | 2
41967 | 2
41684 | 2
42312 | 2
41668 | 2
41312 | 2
41894 | 3
41942 | 3
41876 | 2
41599 | 3
43215 | 3
40583 | 2
41575 | 3
41951 | 2
41530 | 2
42005 | 2
41611 | 2
42017 | 3
41984 | 2
41333 | 2
42220 | 3
41306 | 2
42263 | 2
41590 | 2
45552 | 3
38067 | 2
41589 | 2
42025 | 2
42145 | 2
41383 | 2
42249 | 2
41603 | 3
41513 | 2
41517 | 3
41873 | 3
41760 | 2
41847 | 2
41969 | 2
41603 | 2
41742 | 3
41618 | 2
41572 | 3
42037 | 2
41685 | 2
41857 | 2
41702 | 3
45734 | 3
37892 | 2
41774 | 2
41762 | 2
42849 | 2
40796 | 3
41655 | 2
42178 | 2
41722 | 3
41708 | 2
41870 | 2
41613 | 3
41844 | 2
41705 | 2
41773 | 3
41855 | 2
41796 | 2
41625 | 3
43399 | 2
40272 | 2
41911 | 2
41668 | 3
41773 | 3
41843 | 2
41814 | 2
41764 | 2
42032 | 3
43583 | 3
40053 | 2
41667 | 3
41796 | 2
41673 | 3
41696 | 2
41800 | 2
41928 | 3
41632 | 2
42277 | 2
41312 | 2
41819 | 2
41803 | 3
43124 | 2
40559 | 3
41706 | 2
41808 | 2
41855 | 2
41631 | 2
42176 | 2
41759 | 3
41693 | 2
45773 | 2
37797 | 3
41542 | 2
41813 | 2
41820 | 2
41786 | 2
41749 | 2
41864 | 2
41817 | 2
41674 | 2
41864 | 2
41848 | 2
41744 | 3
41791 | 3
41980 | 3
46234 | 3
37362 | 3
41744 | 2
41734 | 2
41950 | 2
41786 | 3
41604 | 3
41714 | 3
41809 | 2
41846 | 2
41701 | 2
41802 | 3
43625 | 3
39899 | 2
41892 | 3
41750 | 2
41684 | 2
41924 | 2
41713 | 3
41887 | 3
41830 | 2
41936 | 2
41818 | 2
41754 | 3
41902 | 3
42131 | 2
41315 | 2
41920 | 2
42024 | 2
41823 | 2
41412 | 2
41799 | 3
41850 | 2
42245 | 2
45289 | 2
38267 | 2
42021 | 2
41054 | 2
42823 | 2
40880 | 2
42171 | 2
41672 | 3
41687 | 2
41670 | 2
41718 | 3
42372 | 2
41830 | 3
42431 | 2
40871 | 2
41344 | 2
42348 | 2
41436 | 3
42694 | 2
40941 | 3
41968 | 2
41697 | 2
41731 | 2
41943 | 2
41860 | 2
42011 | 3
42240 | 2
42903 | 2
40267 | 3
41353 | 2
42039 | 3
41701 | 2
42849 | 2
40659 | 2
42029 | 2
41226 | 3
41788 | 3
41783 | 3
41802 | 2
41667 | 2
42419 | 2
41220 | 3
41799 | 2
42027 | 2
41724 | 3
41427 | 3
41795 | 2
41821 | 2
41757 | 3
45757 | 2
38514 | 2
41143 | 2
41745 | 2
41817 | 2
41797 | 2
41826 | 3
42247 | 2
41278 | 2
41809 | 2
41857 | 3
41775 | 2
42052 | 2
41743 | 2
41805 | 3
41754 | 2
41547 | 2
41802 | 2
42225 | 3
41356 | 2
41849 | 3
41873 | 2
41701 | 2
41696 | 2
41804 | 2
41794 | 3
41939 | 3
43597 | 2
39736 | 3
41907 | 3
41862 | 2
41952 | 3
41786 | 2
41787 | 3
41806 | 2
41778 | 3
41600 | 2
41765 | 2
41766 | 2
41819 | 2
41759 | 3
41758 | 2
41961 | 2
41636 | 3
41846 | 3
43514 | 2
40640 | 2
41161 | 2
41813 | 2
45761 | 2
37820 | 3
41802 | 2
41839 | 2
42026 | 3
41892 | 3
41670 | 3
41746 | 3
41877 | 2
41839 | 2
41460 | 3
41784 | 3
41900 | 2
41977 | 3
41722 | 2
41541 | 2
41812 | 2
42240 | 3
42962 | 2
40639 | 3
41671 | 3
41615 | 2
41616 | 3
44006 | 2
39840 | 2
41741 | 3
41810 | 2
44099 | 2
39447 | 2
41689 | 2
41673 | 2
41793 | 2
41777 | 3
41797 | 2
41808 | 2
41812 | 2
41796 | 3
41860 | 3
41573 | 3
41881 | 2
42265 | 2
41555 | 3
41603 | 3
42011 | 2
41805 | 3
43841 | 2
39780 | 2
42042 | 3
41476 | 2
45862 | 3
37827 | 3
41641 | 2
44537 | 2
39175 | 2
42596 | 3
41045 | 2
42366 | 2
41269 | 3
41724 | 2
41743 | 2
41958 | 3
41620 | 2
41826 | 2
42082 | 2
42004 | 2
41466 | 3
42429 | 2
41562 | 3
41929 | 2
41517 | 3
41599 | 2
41744 | 2
41744 | 2
41582 | 2
42590 | 3
41302 | 3
44311 | 2
39359 | 3
41609 | 2
42283 | 5
41610 | 3
41384 | 3
42515 | 4
41439 | 3
41779 | 2
41525 | 3
42228 | 3
41404 | 2
41602 | 2
41843 | 2
41824 | 3
41757 | 2
41767 | 3
41873 | 3
41855 | 3
41643 | 3
41441 | 3
41878 | 3
45974 | 2
37904 | 2
41485 | 2
41831 | 2
41758 | 3
41884 | 3
41693 | 2
41867 | 2
41719 | 2
41753 | 3
41879 | 2
41744 | 3
41835 | 3
41754 | 2
42089 | 2
41908 | 3
41628 | 3
41771 | 3
42251 | 2
41129 | 2
41786 | 2
41805 | 3
41740 | 2
45790 | 2
37721 | 3
41858 | 2
41937 | 3
41831 | 3
41741 | 3
41662 | 2
41780 | 2
41956 | 3
41637 | 2
41829 | 2
42071 | 3
41755 | 2
41759 | 2
41759 | 2
41597 | 2
41837 | 3
41745 | 2
41810 | 3
41750 | 3
41770 | 2
41792 | 2
43032 | 2
40557 | 2
41903 | 2
41683 | 2
45884 | 2
37667 | 2
41778 | 2
41945 | 2
41894 | 2
41660 | 2
41856 | 2
41681 | 2
42031 | 2
41381 | 2
41775 | 2
41789 | 3
41739 | 2
41844 | 3
41857 | 3
41670 | 2
42165 | 3
41694 | 2
42180 | 2
41427 | 2
41853 | 2
41708 | 2
41791 | 3
41788 | 2
41826 | 2
41833 | 3
41481 | 2
43785 | 3
39861 | 2
41747 | 3
41795 | 3
41754 | 2
41808 | 2
41766 | 3
42124 | 3
41772 | 3
41791 | 2
41762 | 3
41488 | 2
41860 | 2
42075 | 3
41710 | 2
42498 | 2
41079 | 2
42188 | 2
42898 | 2
40294 | 2
42405 | 3
41717 | 3
56014 | 2
27737 | 3
41588 | 2
41603 | 2
41561 | 2
45092 | 2
38488 | 3
41960 | 2
41652 | 2
41672 | 2
41956 | 3
41691 | 3
42215 | 2
41490 | 3
41788 | 2
41852 | 3
41716 | 2
42093 | 2
41298 | 3
42267 | 2
41799 | 2
41250 | 3
42202 | 2
42000 | 2
41730 | 3
41944 | 3
41278 | 2
44880 | 2
38822 | 3
41907 | 2
41712 | 3
41491 | 4
41951 | 2
41980 | 2
41616 | 2
41657 | 2
41775 | 3
41781 | 2
41786 | 3
41789 | 2
41831 | 3
41898 | 2
41793 | 2
41724 | 2
41470 | 2
42289 | 2
41270 | 2
41734 | 2
41773 | 2
45987 | 2
38790 | 2
40694 | 2
41841 | 2
41728 | 3
41872 | 2
41742 | 3
42029 | 2
41793 | 2
41765 | 2
42009 | 2
41631 | 2
41544 | 3
41779 | 2
41781 | 2
41826 | 3
41779 | 2
41777 | 2
41708 | 3
41858 | 2
41867 | 2
41742 | 3
41776 | 3
42679 | 2
40890 | 2
41848 | 2
41978 | 2
43774 | 2
39805 | 3
41788 | 2
41785 | 2
41592 | 2
41774 | 2
41830 | 3
41782 | 2
41742 | 2
41819 | 3
41760 | 2
41711 | 2
41927 | 3
41754 | 2
41848 | 3
41778 | 2
41721 | 2
41833 | 3
41766 | 3
41787 | 2
41874 | 2
41992 | 3
45851 | 2
37628 | 3
41840 | 2
41959 | 2
41714 | 2
41766 | 3
41809 | 2
42750 | 3
40833 | 2
41576 | 3
41577 | 3
42102 | 4
41607 | 3
41783 | 2
41850 | 2
41722 | 3
41794 | 2
41793 | 2
41810 | 2
41809 | 2
41784 | 2
41782 | 2
41777 | 3
43380 | 2
40527 | 2
41761 | 2
41803 | 2
43741 | 2
39805 | 2
41817 | 3
41928 | 2
41582 | 2
41837 | 2
41727 | 2
41827 | 3
41800 | 2
41756 | 2
41805 | 3
42410 | 2
41165 | 2
42222 | 3
41398 | 2
41747 | 2
42455 | 3
41380 | 2
42230 | 3
41745 | 3
41147 | 2
42108 | 2
46885 | 2
36631 | 3
41919 | 2
41758 | 3
41616 | 2
41564 | 2
42529 | 2
41382 | 2
41955 | 2
41580 | 2
41968 | 2
41422 | 2
42728 | 4
41214 | 2
41646 | 3
42601 | 2
41190 | 3
41641 | 4
41489 | 2
42432 | 2
41600 | 2
41973 | 3
41448 | 2
42217 | 2
41051 | 2
41778 | 2
41833 | 3
44732 | 2
38903 | 2
41761 | 3
41756 | 2
41775 | 3
41565 | 2
41861 | 3
41802 | 2
41716 | 2
41732 | 3
41860 | 3
41769 | 3
41802 | 2
41725 | 2
41818 | 2
41820 | 2
41789 | 2
41830 | 2
41753 | 2
41817 | 2
41705 | 3
42069 | 2
46129 | 2
37455 | 3
41793 | 2
41800 | 2
41570 | 3
41865 | 2
41700 | 2
41740 | 3
41906 | 2
41734 | 3
41820 | 3
41843 | 2
41626 | 2
41901 | 3
41780 | 2
41805 | 3
41898 | 2
41671 | 3
41735 | 2
42071 | 2
41818 | 2
41777 | 3
41757 | 2
42296 | 2
41142 | 2
41726 | 3
41813 | 2
43786 | 2
43510 | 2
38572 | 2
41317 | 4
42299 | 3
41165 | 3
41861 | 3
41869 | 3
42323 | 2
41184 | 2
41775 | 2
41735 | 3
42141 | 2
41730 | 2
41777 | 2
41863 | 2
41500 | 2
41818 | 2
41784 | 3
41780 | 3
42588 | 3
40983 | 2
45920 | 2
38822 | 2
40586 | 2
41871 | 2
41993 | 2
41922 | 2
41671 | 2
41771 | 3
41806 | 3
41725 | 2
41881 | 4
41779 | 2
41923 | 2
41410 | 3
41811 | 2
41767 | 3
42526 | 2
41064 | 2
41770 | 2
42105 | 2
41894 | 3
41703 | 3
41812 | 3
42098 | 2
41220 | 3
41744 | 3
42478 | 2
43524 | 2
44222 | 3
36948 | 2
43944 | 2
39892 | 4
41730 | 2
42000 | 2
41668 | 3
42971 | 2
40543 | 3
43082 | 4
40663 | 3
41678 | 2
41798 | 3
42409 | 2
42804 | 3
40186 | 3
42008 | 3
41501 | 3
42027 | 2
41950 | 2
41921 | 3
48960 | 2
36216 | 3
40277 | 3
41502 | 3
41630 | 2
44629 | 3
38996 | 2
42127 | 3
41424 | 3
41827 | 2
42269 | 2
42374 | 3
41026 | 2
41777 | 2
41611 | 3
41730 | 2
42195 | 3
41478 | 2
42376 | 2
41911 | 3
41626 | 2
41117 | 3
42065 | 2
42397 | 3
41411 | 3
41640 | 4
41183 | 3
44418 | 3
39642 | 2
41919 | 3
41293 | 3
42298 | 2
41349 | 2
41502 | 2
41609 | 2
41952 | 3
41708 | 3
41827 | 2
41808 | 2
41949 | 3
41820 | 3
41787 | 2
41796 | 3
41574 | 2
42161 | 3
41409 | 2
41793 | 2
41796 | 3
41750 | 2
45952 | 2
38650 | 3
40857 | 2
41718 | 2
42156 | 2
41707 | 3
42338 | 3
40982 | 2
41808 | 2
42381 | 3
41543 | 2
41990 | 2
41455 | 3
41826 | 3
41508 | 2
41828 | 3
41747 | 2
41824 | 3
41862 | 3
41706 | 3
41815 | 2
41777 | 3
41779 | 2
41851 | 3
41722 | 3
41730 | 3
41934 | 2
43767 | 3
40472 | 3
41285 | 2
41770 | 2
41880 | 2
41729 | 2
41779 | 2
41671 | 3
41698 | 2
41827 | 2
41830 | 3
41718 | 3
42062 | 3
41811 | 2
41890 | 2
41757 | 2
41727 | 3
42029 | 2
41489 | 3
41805 | 2
41764 | 2
41848 | 3
46373 | 2
37666 | 2
41285 | 2
41812 | 2
41573 | 3
41831 | 2
41681 | 3
41884 | 2
41895 | 2
41803 | 2
41777 | 3
41774 | 3
41787 | 3
41734 | 3
41894 | 2
41809 | 2
41759 | 3
41774 | 2
41773 | 3
42159 | 2
41687 | 2
41803 | 2
42342 | 3
41687 | 3
41524 | 2
41442 | 2
41718 | 3
43809 | 2
41486 | 3
40059 | 2
42076 | 2
41490 | 3
41889 | 2
41625 | 2
42203 | 3
41511 | 2
42001 | 3
41899 | 2
41969 | 2
42011 | 2
41336 | 2
41709 | 2
41818 | 2
42402 | 2
41268 | 2
42562 | 3
41405 | 2
41280 | 2
42343 | 2
43918 | 2
41522 | 3
39967 | 3
41256 | 2
43050 | 2
40662 | 2
42114 | 2
42169 | 2
41163 | 2
41900 | 2
41508 | 2
41919 | 2
41788 | 2
42090 | 2
42056 | 3
41382 | 2
41796 | 2
41569 | 3
41804 | 2
41824 | 2
41934 | 2
42073 | 3
41366 | 2
42152 | 2
41416 | 3
42152 | 2
41581 | 2
46040 | 3
37916 | 2
41247 | 2
42294 | 3
41496 | 2
41437 | 3
41800 | 2
41721 | 3
41859 | 2
41811 | 2
41788 | 3
41897 | 2
41775 | 3
41475 | 2
42116 | 2
41429 | 2
41792 | 3
42079 | 2
41739 | 2
41776 | 3
41825 | 3
41631 | 2
46200 | 2
37356 | 3
41848 | 3
41713 | 2
41823 | 2
41870 | 2
41712 | 3
41800 | 2
41842 | 3
41503 | 3
41687 | 3
41763 | 2
41753 | 2
41806 | 2
41915 | 2
41778 | 2
41947 | 2
41685 | 2
41805 | 2
41777 | 3
41805 | 2
41747 | 2
41820 | 2
41809 | 3
42032 | 2
41747 | 2
41952 | 2
43880 | 2
40028 | 2
41072 | 2
41789 | 2
41936 | 2
41642 | 2
45394 | 3
38569 | 3
41436 | 2
41797 | 3
42110 | 3
41437 | 2
41840 | 3
41827 | 2
42087 | 2
41459 | 3
41715 | 2
42151 | 3
41785 | 2
41775 | 2
41820 | 2
41407 | 2
46623 | 3
37035 | 2
41763 | 2
41840 | 3
41756 | 3
41863 | 2
42793 | 3
40705 | 2
41812 | 3
41723 | 2
41859 | 3
41753 | 2
41819 | 3
41815 | 3
42183 | 2
41674 | 2
41744 | 3
41761 | 2
41786 | 2
41978 | 2
41619 | 3
41814 | 2
41762 | 3
41781 | 2
41594 | 3
41760 | 2
41798 | 3
44494 | 2
39080 | 2
41809 | 3
42147 | 3
41920 | 2
41283 | 3
43890 | 2
39985 | 3
42154 | 2
41462 | 2
41759 | 4
41712 | 2
41800 | 2
41827 | 3
41935 | 2
41770 | 3
41639 | 2
42021 | 2
41733 | 3
41904 | 3
41900 | 3
41580 | 3
46145 | 3
37278 | 2
42146 | 2
41741 | 2
41748 | 2
42459 | 2
42562 | 2
40164 | 2
41927 | 3
41702 | 2
41995 | 3
41747 | 3
42071 | 2
41490 | 2
41684 | 2
41882 | 2
41739 | 2
42159 | 2
41297 | 3
42233 | 2
41756 | 2
41345 | 2
42089 | 2
42663 | 2
40954 | 2
41590 | 3
42155 | 3
44324 | 2
39838 | 2
40630 | 3
41934 | 3
41815 | 2
41740 | 2
42164 | 2
41367 | 2
42217 | 2
41855 | 3
41043 | 2
41800 | 2
41847 | 2
41713 | 2
42014 | 2
41805 | 3
41786 | 2
41866 | 2
41709 | 2
41691 | 2
41698 | 2
41769 | 3
46077 | 2
37480 | 3
41753 | 2
41864 | 2
41771 | 3
41990 | 2
42666 | 2
40734 | 2
41805 | 2
41759 | 3
41824 | 2
42475 | 3
41305 | 2
41792 | 2
41829 | 3
41839 | 2
41815 | 2
41438 | 3
42245 | 3
41296 | 2
41722 | 2
41980 | 2
41783 | 3
41745 | 2
41830 | 2
41723 | 3
42208 | 2
43969 | 2
39204 | 2
41800 | 2
41827 | 2
42082 | 4
41770 | 2
42254 | 2
41377 | 2
41689 | 3
41430 | 2
41991 | 3
41682 | 2
41823 | 2
41768 | 2
41786 | 2
41824 | 2
42331 | 2
41238 | 2
41848 | 2
41723 | 3
41851 | 3
41717 | 2
46146 | 2
37451 | 2
42046 | 2
41851 | 2
42823 | 2
40814 | 2
42122 | 3
42180 | 2
40703 | 2
41833 | 3
41748 | 3
45685 | 2
37859 | 2
41823 | 2
42474 | 3
42183 | 2
40715 | 2
41778 | 2
41777 | 3
42362 | 2
41294 | 2
41747 | 2
42041 | 3
41751 | 3
41927 | 2
41709 | 2
41769 | 3
44079 | 2
39536 | 2
41731 | 3
41853 | 3
41499 | 2
41809 | 2
42569 | 2
40995 | 2
42119 | 3
41846 | 2
42953 | 2
40598 | 3
43330 | 2
40148 | 2
41981 | 2
41812 | 2
42265 | 2
41581 | 3
42032 | 3
41339 | 2
41726 | 2
41773 | 2
42128 | 3
41822 | 2
41509 | 2
41659 | 2
41922 | 2
42610 | 2
41359 | 2
43238 | 2
40019 | 2
42372 | 2
43270 | 3
40211 | 2
41462 | 2
43928 | 2
39479 | 2
43110 | 2
42080 | 2
40159 | 2
42207 | 2
41347 | 2
50448 | 2
37283 | 3
37319 | 2
42517 | 3
42025 | 2
43404 | 2
39424 | 2
44305 | 2
39138 | 3
41713 | 3
41806 | 2
41821 | 2
41735 | 2
43531 | 2
39820 | 3
41793 | 2
42060 | 3
41499 | 3
44902 | 2
39020 | 2
41721 | 3
41802 | 2
41764 | 2
41748 | 2
41869 | 3
41841 | 2
41730 | 2
41516 | 2
41783 | 3
41873 | 2
41740 | 2
41779 | 2
41803 | 2
41818 | 2
41943 | 3
41539 | 2
42089 | 3
41818 | 2
43574 | 3
40077 | 3
41799 | 2
41447 | 3
41833 | 2
41776 | 3
41788 | 2
42901 | 2
40678 | 3
41789 | 2
42088 | 2
41836 | 3
41813 | 2
41720 | 2
41755 | 2
41893 | 3
41711 | 2
41761 | 3
44135 | 3
40037 | 2
41296 | 3
41678 | 2
41867 | 3
41714 | 2
42217 | 2
41478 | 3
41740 | 2
41805 | 3
41819 | 3
41720 | 2
41769 | 3
41767 | 2
41845 | 3
41960 | 3
41583 | 3
41805 | 2
41756 | 2
41815 | 3
43278 | 3
40269 | 2
41855 | 3
41749 | 2
41753 | 2
41944 | 2
41809 | 3
41798 | 2
41684 | 2
41762 | 3
41789 | 2
41962 | 3
41612 | 2
42206 | 2
41392 | 2
41762 | 3
41898 | 3
41777 | 3
41711 | 2
41787 | 2
41528 | 2
41872 | 2
41762 | 2
41762 | 3
41794 | 2
41780 | 3
42115 | 2
41475 | 3
41805 | 2
44318 | 3
39502 | 2
41789 | 3
41819 | 2
41576 | 2
41973 | 2
42289 | 3
41521 | 3
41800 | 2
41854 | 3
41582 | 2
42260 | 3
41659 | 2
41915 | 2
41308 | 2
41731 | 2
41777 | 3
42049 | 2
41541 | 2
42440 | 2
41304 | 3
41958 | 2
41822 | 2
42708 | 2
40799 | 2
41872 | 2
41916 | 2
43836 | 2
39679 | 2
41666 | 2
42550 | 3
40934 | 2
42066 | 3
44012 | 2
39488 | 2
41614 | 2
41561 | 2
42058 | 2
41952 | 3
42016 | 2
41878 | 3
41295 | 2
42075 | 2
41630 | 3
42650 | 2
40699 | 2
41878 | 2
41590 | 2
41760 | 3
44123 | 2
39536 | 3
41737 | 2
41817 | 3
41519 | 2
41789 | 2
41915 | 3
41771 | 3
41715 | 3
41781 | 2
41776 | 2
44125 | 2
39464 | 2
41770 | 2
41835 | 3
41778 | 2
41734 | 2
41878 | 2
41743 | 2
41820 | 2
41765 | 2
41784 | 3
42106 | 2
41704 | 2
41548 | 2
41821 | 3
42047 | 2
41581 | 2
41532 | 2
41793 | 3
41900 | 3
41690 | 3
41810 | 3
42765 | 2
40770 | 3
41832 | 2
1102278 | 5
545 | 3
677 | 2
560 | 3
564 | 3
1917 | 2
622 | 3
571 | 2
561 | 2
634 | 2
623 | 3
582 | 3
611 | 2
571 | 3
630 | 3
640 | 2
564 | 2
573 | 3
627 | 2
627 | 2
564 | 2
562 | 2
642 | 2
567 | 3
568 | 3
555 | 2
10481 | 2
41817 | 2
41818 | 2
41714 | 3
41799 | 3
41895 | 2
41744 | 3
41744 | 3
41782 | 2
41795 | 3
41791 | 2
41838 | 2
41934 | 2
41737 | 2
41880 | 2
41325 | 2
41792 | 3
41776 | 2
44410 | 3
39487 | 2
42235 | 2
41274 | 2
41847 | 3
41548 | 2
41755 | 2
41804 | 3
41761 | 2
41803 | 2
41835 | 2
41759 | 2
41799 | 2
41781 | 2
41784 | 3
42129 | 2
41521 | 3
41657 | 2
44059 | 2
39644 | 3
41960 | 2
41918 | 2
42237 | 3
42862 | 2
40152 | 3
41787 | 2
42079 | 3
41857 | 2
41446 | 3
43752 | 2
40090 | 2
41657 | 2
41896 | 3
41725 | 2
41875 | 3
41639 | 2
42395 | 2
41815 | 2
41248 | 2
42042 | 3
41517 | 2
41772 | 3
41762 | 2
42092 | 2
41757 | 2
42604 | 3
40977 | 2
41753 | 3
41538 | 2
43666 | 2
40699 | 2
41937 | 2
41420 | 2
41387 | 2
41980 | 3
41618 | 2
41764 | 2
42127 | 3
42503 | 2
41002 | 3
41594 | 2
41509 | 2
41753 | 2
41937 | 3
41983 | 2
41495 | 3
41906 | 2
44054 | 2
39199 | 2
41867 | 3
42204 | 3
41265 | 2
41790 | 3
41805 | 2
41773 | 2
41844 | 3
41789 | 3
41889 | 2
43645 | 3
39818 | 3
41758 | 2
41797 | 2
41773 | 2
42102 | 2
41740 | 2
41843 | 2
41767 | 2
41744 | 3
42054 | 2
41416 | 4
41681 | 2
41877 | 4
41651 | 2
41916 | 2
42122 | 2
41417 | 2
41752 | 2
41808 | 2
41723 | 2
41891 | 4
41928 | 2
41691 | 3
41717 | 2
41998 | 2
41783 | 2
41849 | 2
41756 | 2
41775 | 3
41562 | 2
41883 | 2
41734 | 2
41796 | 3
41785 | 4
42164 | 3
41396 | 3
41806 | 2
44079 | 2
39489 | 2
43939 | 2
39700 | 3
41734 | 2
41794 | 2
41788 | 2
42087 | 4
41833 | 2
41765 | 2
41791 | 3
42206 | 2
41077 | 2
41786 | 3
41773 | 2
51595 | 3
35501 | 2
38308 | 2
41796 | 2
41772 | 2
41769 | 3
41803 | 2
41834 | 2
41741 | 3
41792 | 2
41845 | 2
41686 | 2
42364 | 2
41493 | 3
41825 | 3
41754 | 2
43407 | 2
39940 | 2
41866 | 2
41802 | 3
41728 | 2
41807 | 3
41801 | 2
42616 | 2
40941 | 2
41777 | 2
42013 | 2
41662 | 2
41653 | 3
41840 | 2
41855 | 3
41954 | 3
41893 | 2
41746 | 2
44220 | 4
39300 | 2
41541 | 2
41850 | 3
42052 | 2
43386 | 3
40414 | 2
42304 | 3
41059 | 2
41733 | 3
42012 | 2
42064 | 2
41586 | 2
41540 | 2
42089 | 3
41415 | 2
42113 | 2
41766 | 2
42375 | 2
41521 | 3
41218 | 2
42188 | 3
41378 | 2
41963 | 3
42142 | 2
41984 | 2
41635 | 3
42695 | 2
40674 | 2
41640 | 2
42095 | 2
41452 | 2
43326 | 3
40481 | 2
41667 | 3
43866 | 3
39475 | 2
47707 | 2
37774 | 2
41960 | 3
40241 | 2
41316 | 2
61302 | 2
23296 | 2
40730 | 2
42372 | 3
42310 | 2
41328 | 3
41204 | 2
44408 | 2
39158 | 2
41753 | 2
41871 | 2
41721 | 2
41770 | 3
41833 | 3
41541 | 2
41812 | 4
41773 | 2
41759 | 2
41815 | 2
41721 | 3
42095 | 3
41831 | 2
41510 | 2
42330 | 2
41683 | 2
41376 | 2
42067 | 2
41457 | 2
41736 | 2
42358 | 2
41548 | 3
41764 | 2
42332 | 3
41348 | 2
42476 | 2
40782 | 3
41810 | 2
41978 | 2
41688 | 2
41736 | 2
41780 | 3
41776 | 2
41855 | 3
42564 | 3
40890 | 2
42880 | 3
41022 | 2
41526 | 2
42071 | 3
41783 | 3
41820 | 3
41734 | 2
41797 | 2
41545 | 2
41883 | 2
42520 | 2
43586 | 2
39175 | 2
41865 | 2
41705 | 2
41868 | 2
41776 | 2
41760 | 3
41813 | 3
41774 | 2
41806 | 2
45795 | 2
37699 | 3
41830 | 2
41721 | 2
42088 | 2
52414 | 2
31479 | 2
41613 | 2
41727 | 2
41542 | 2
41741 | 2
41859 | 3
41765 | 2
41846 | 2
41709 | 2
41862 | 2
41671 | 3
42158 | 2
41456 | 2
41789 | 3
41741 | 2
42008 | 2
41673 | 3
41831 | 2
41987 | 2
41812 | 2
41818 | 2
41697 | 2
42283 | 2
41394 | 2
41748 | 2
41766 | 2
41853 | 2
41812 | 2
41467 | 2
41757 | 2
41900 | 2
41862 | 2
41730 | 2
44450 | 2
39243 | 2
42484 | 3
41236 | 2
41788 | 2
41706 | 3
41767 | 2
42100 | 3
41545 | 2
42212 | 3
41462 | 3
41853 | 2
41806 | 2
41579 | 3
42114 | 2
41553 | 2
43315 | 2
40533 | 3
41921 | 4
41661 | 4
41425 | 2
41974 | 2
46206 | 3
37289 | 2
42262 | 2
41260 | 2
42887 | 2
41787 | 2
41299 | 2
41254 | 2
42208 | 3
41579 | 2
41876 | 4
41764 | 2
41526 | 3
41998 | 2
41576 | 3
42152 | 2
41956 | 2
41357 | 2
41893 | 3
41562 | 2
41758 | 3
41746 | 2
41867 | 2
41767 | 2
41765 | 3
41790 | 3
41542 | 3
44308 | 3
39313 | 2
41812 | 2
41734 | 2
41808 | 2
41756 | 3
41926 | 2
41681 | 2
41786 | 3
41773 | 2
41901 | 3
41719 | 3
41815 | 2
41725 | 2
42028 | 2
41794 | 2
43147 | 2
40434 | 2
41856 | 3
41502 | 2
41727 | 2
41810 | 2
41975 | 2
41645 | 3
41807 | 3
41779 | 2
41889 | 2
42183 | 2
41295 | 3
41809 | 3
41800 | 2
43712 | 2
39800 | 2
41870 | 2
42085 | 3
41709 | 2
41822 | 3
41817 | 2
42241 | 3
41007 | 2
41768 | 2
41846 | 2
41931 | 3
42092 | 2
41342 | 3
41829 | 2
41759 | 3
41781 | 2
41769 | 2
44368 | 2
39318 | 2
41761 | 3
42246 | 2
41293 | 2
42121 | 2
41686 | 2
41827 | 2
41801 | 2
41477 | 2
42029 | 2
41598 | 3
41817 | 2
41772 | 3
41744 | 2
41866 | 2
42848 | 2
40778 | 3
41725 | 3
41802 | 2
41818 | 2
42592 | 2
40993 | 3
41739 | 2
42024 | 2
41858 | 2
41731 | 2
42294 | 2
41289 | 3
41556 | 3
41796 | 2
43678 | 2
39900 | 3
41797 | 2
41765 | 3
41863 | 2
42171 | 3
41349 | 3
41802 | 2
41794 | 3
41759 | 3
41981 | 2
41665 | 3
42435 | 2
41345 | 2
41757 | 2
41865 | 3
42550 | 2
40995 | 2
44710 | 2
38864 | 2
41800 | 2
43321 | 3
40512 | 3
44211 | 2
39727 | 3
41666 | 3
41638 | 2
41417 | 2
41847 | 3
42865 | 2
41297 | 2
41503 | 2
41729 | 2
41940 | 2
42124 | 2
41367 | 2
42302 | 2
41396 | 2
41757 | 3
41962 | 2
41498 | 3
41752 | 3
42137 | 3
41687 | 3
41713 | 2
44078 | 3
39533 | 2
41915 | 2
41509 | 3
43493 | 2
42298 | 3
39403 | 2
41735 | 2
41775 | 3
41819 | 2
41759 | 2
41892 | 2
41742 | 3
41761 | 2
41750 | 2
41839 | 2
42350 | 2
40943 | 3
42011 | 2
41636 | 2
41761 | 3
45588 | 3
40740 | 2
39181 | 3
41662 | 2
41657 | 2
41949 | 3
41827 | 2
41562 | 2
41819 | 3
41771 | 2
41752 | 3
42033 | 2
41704 | 2
41956 | 2
41700 | 2
41811 | 3
41750 | 3
42289 | 2
41496 | 2
41694 | 29
41526 | 2
41684 | 2
41784 | 3
41935 | 2
41618 | 2
41757 | 3
41935 | 2
41723 | 3
42335 | 2
41311 | 2
41777 | 2
41794 | 2
43876 | 2
39702 | 2
41809 | 2
41985 | 2
41741 | 3
41951 | 2
41902 | 2
41761 | 2
42027 | 2
41441 | 2
41738 | 2
42321 | 3
42170 | 3
40853 | 3
41765 | 3
41836 | 3
41759 | 2
42272 | 3
43903 | 2
39242 | 3
41781 | 3
41761 | 2
41789 | 2
41940 | 2
41743 | 2
41776 | 3
41799 | 2
42171 | 3
41386 | 3
41717 | 2
41868 | 2
41722 | 2
41825 | 2
41794 | 3
41757 | 3
41800 | 2
41803 | 3
41779 | 2
41729 | 3
41916 | 3
41749 | 3
41806 | 2
41839 | 3
41793 | 2
41913 | 2
41994 | 2
41443 | 3
41716 | 2
41813 | 3
41857 | 2
41709 | 2
41913 | 2
41677 | 3
41794 | 2
41851 | 2
41742 | 2
41780 | 3
41794 | 3
41779 | 2
41809 | 2
41910 | 3
42128 | 3
41472 | 2
41712 | 3
41882 | 3
41711 | 2
41699 | 3
44430 | 3
39352 | 2
41593 | 2
41765 | 2
41811 | 2
41699 | 2
42081 | 2
41616 | 2
42405 | 3
41250 | 3
42314 | 2
41453 | 3
41902 | 2
41848 | 2
41581 | 2
43567 | 2
39843 | 2
41877 | 3
41852 | 2
41875 | 2
41556 | 2
42771 | 3
46117 | 2
36988 | 2
41728 | 2
42264 | 2
41905 | 2
41484 | 3
41011 | 2
41921 | 3
41818 | 2
41711 | 2
41817 | 3
43004 | 3
40741 | 2
41618 | 2
41712 | 2
41575 | 3
41793 | 3
41765 | 2
42079 | 3
41510 | 2
42532 | 3
41131 | 2
41735 | 2
41859 | 2
41773 | 3
41725 | 2
44736 | 3
41940 | 3
39007 | 2
41541 | 3
41673 | 2
42726 | 3
41193 | 3
42069 | 2
41468 | 3
41845 | 3
42044 | 2
41223 | 3
41754 | 2
41950 | 3
41691 | 2
41813 | 3
41757 | 2
42018 | 3
41600 | 3
41921 | 2
41609 | 3
41875 | 3
43357 | 2
40243 | 2
41710 | 2
42111 | 3
41726 | 2
41737 | 2
42508 | 2
41190 | 2
41400 | 3
41889 | 2
41778 | 2
41950 | 3
41713 | 3
41695 | 2
41819 | 3
41806 | 2
41741 | 2
41816 | 3
41880 | 2
41929 | 2
41800 | 3
41794 | 2
42273 | 2
41288 | 2
41753 | 2
41850 | 2
41816 | 3
41672 | 2
44486 | 3
38978 | 3
41784 | 2
41759 | 2
41744 | 2
41849 | 2
41754 | 2
41809 | 3
41779 | 3
41809 | 2
42051 | 2
41706 | 3
41836 | 2
41803 | 2
41588 | 3
41852 | 2
41747 | 3
41743 | 2
41806 | 2
41772 | 2
42674 | 3
41958 | 2
40772 | 2
41757 | 3
41860 | 3
41699 | 2
42960 | 2
41111 | 2
41269 | 3
42072 | 2
41776 | 3
41869 | 3
41797 | 3
41731 | 2
41561 | 2
41779 | 2
41842 | 3
41764 | 3
41819 | 2
41776 | 3
41827 | 2
41728 | 3
41743 | 2
41836 | 2
41792 | 2
42073 | 2
41732 | 2
42354 | 2
41356 | 3
47234 | 2
36230 | 2
41813 | 2
41874 | 3
41841 | 2
42237 | 2
41188 | 3
42235 | 2
41540 | 2
41898 | 3
42101 | 3
41457 | 3
41777 | 2
41801 | 2
41719 | 2
41762 | 2
41932 | 3
41823 | 3
41588 | 2
42078 | 2
41300 | 2
42774 | 3
41048 | 2
42202 | 2
41232 | 3
42196 | 2
41314 | 3
42368 | 2
41240 | 2
41919 | 3
41829 | 2
41659 | 2
41867 | 3
41717 | 2
41780 | 2
41583 | 2
41759 | 25
41816 | 2
41824 | 2
41939 | 3
41833 | 3
41753 | 3
41823 | 2
41765 | 3
41557 | 2
41803 | 2
41847 | 3
41713 | 2
43198 | 2
43082 | 2
39229 | 2
41838 | 3
41515 | 2
41879 | 2
41867 | 2
41734 | 2
41776 | 2
41806 | 3
41811 | 2
42006 | 3
41747 | 3
41850 | 2
41800 | 3
41629 | 2
41692 | 3
41768 | 2
41863 | 3
41725 | 3
41785 | 2
41776 | 2
41789 | 2
41966 | 3
41661 | 2
41749 | 2
41834 | 2
43866 | 2
40256 | 3
41284 | 2
41986 | 2
41793 | 2
41772 | 2
41789 | 2
41986 | 3
41373 | 2
41811 | 3
41827 | 2
41728 | 3
41930 | 2
41577 | 3
41886 | 3
41782 | 2
41834 | 3
41775 | 2
41823 | 3
41727 | 2
41791 | 2
41784 | 2
43733 | 2
42801 | 2
39069 | 3
42023 | 3
41643 | 2
41769 | 2
41826 | 2
41777 | 2
41803 | 2
41731 | 3
41820 | 2
41842 | 3
41684 | 2
41780 | 2
41809 | 2
41528 | 2
41909 | 2
41694 | 2
41841 | 2
41723 | 2
41815 | 2
41725 | 2
41876 | 2
41804 | 2
41753 | 2
41750 | 3
41883 | 2
41973 | 2
42152 | 2
41207 | 3
41992 | 2
41819 | 2
41814 | 2
41785 | 3
41822 | 2
41525 | 3
41794 | 2
41808 | 2
41769 | 2
41783 | 3
41790 | 2
41706 | 2
42174 | 2
41830 | 2
42296 | 2
41223 | 2
42029 | 3
41496 | 2
41852 | 2
42712 | 3
43510 | 2
39686 | 3
41212 | 2
42208 | 2
41384 | 3
45334 | 3
38607 | 2
41663 | 3
42188 | 2
41976 | 2
41310 | 3
41563 | 2
41892 | 2
41889 | 2
42286 | 3
41297 | 2
41520 | 2
41976 | 2
41538 | 3
42403 | 2
41170 | 3
42805 | 3
40809 | 2
41775 | 2
41871 | 3
41936 | 2
42133 | 2
41986 | 2
40816 | 3
41718 | 2
41858 | 2
46405 | 2
37424 | 2
41748 | 2
41793 | 3
41868 | 2
41722 | 3
41783 | 2
41820 | 2
41784 | 2
41860 | 3
41908 | 2
41627 | 2
42027 | 2
41510 | 2
42056 | 2
41313 | 3
41797 | 2
41781 | 2
44710 | 3
38838 | 2
41808 | 2
42071 | 3
43177 | 2
40153 | 2
41799 | 3
41791 | 2
41752 | 3
41978 | 2
41901 | 3
41663 | 2
41825 | 2
41775 | 3
41764 | 2
42048 | 2
41792 | 3
41861 | 2
41778 | 2
41449 | 2
41850 | 3
41796 | 2
42234 | 2
41345 | 3
41763 | 2
41768 | 2
43478 | 2
40856 | 2
41137 | 3
41744 | 2
41782 | 3
41770 | 2
41834 | 2
41800 | 2
41819 | 2
41667 | 3
41850 | 2
42058 | 3
41761 | 2
41848 | 3
41796 | 2
41675 | 2
41665 | 2
41732 | 3
41725 | 2
41867 | 2
41778 | 2
41809 | 2
41780 | 2
44508 | 2
39130 | 3
41763 | 3
41735 | 2
44298 | 2
39384 | 2
41709 | 3
42062 | 2
41740 | 3
41987 | 2
41693 | 2
41704 | 2
41528 | 2
41865 | 3
41763 | 2
41816 | 2
41867 | 3
41742 | 2
41735 | 2
41792 | 2
41723 | 3
41955 | 2
41650 | 3
41832 | 2
41793 | 3
41871 | 3
42729 | 2
41547 | 2
41313 | 2
41714 | 2
41800 | 2
41915 | 3
41439 | 3
41895 | 2
41718 | 3
41771 | 2
41811 | 2
41753 | 2
42029 | 3
41807 | 2
42133 | 2
41805 | 3
41547 | 2
41683 | 2
41743 | 2
42211 | 3
41444 | 2
42270 | 2
41270 | 3
45853 | 2
37555 | 3
42681 | 2
41915 | 3
41733 | 2
42175 | 2
40634 | 2
41867 | 3
41679 | 3
42025 | 3
41510 | 3
41739 | 2
41747 | 3
41856 | 2
41730 | 2
41793 | 2
41787 | 3
41770 | 2
41597 | 3
41795 | 2
41783 | 2
41840 | 2
41783 | 2
41745 | 3
41857 | 2
41725 | 2
41784 | 2
42701 | 2
41582 | 2
41552 | 3
41617 | 3
41730 | 3
41617 | 3
41758 | 2
41783 | 2
41800 | 2
41733 | 2
41925 | 3
41695 | 2
41810 | 3
41763 | 2
41796 | 2
41842 | 3
41719 | 2
41797 | 2
41914 | 2
41712 | 3
41990 | 2
41795 | 2
44568 | 2
39039 | 2
41548 | 2
41788 | 3
42564 | 2
41006 | 3
41795 | 2
41801 | 2
41788 | 3
41738 | 2
41831 | 2
41733 | 2
42044 | 2
41516 | 3
41900 | 3
41776 | 2
41804 | 2
42071 | 2
41710 | 2
41816 | 3
41793 | 2
41784 | 3
41597 | 2
41830 | 3
41714 | 3
41778 | 2
41794 | 2
42438 | 2
41433 | 3
41426 | 2
41916 | 2
43711 | 3
39855 | 2
41793 | 3
41777 | 3
41796 | 2
41848 | 3
41957 | 2
41824 | 3
41718 | 2
41813 | 2
41950 | 3
41428 | 2
41771 | 2
41827 | 2
41719 | 2
41739 | 3
41879 | 3
41796 | 2
44626 | 2
38953 | 2
41812 | 2
41819 | 3
54651 | 2
29049 | 3
41649 | 2
42001 | 3
41782 | 2
41757 | 2
41962 | 2
41730 | 3
41469 | 2
41751 | 2
41752 | 2
41899 | 2
41790 | 2
41809 | 2
41774 | 3
41831 | 2
41751 | 3
41800 | 3
41795 | 2
41767 | 2
41761 | 3
41828 | 2
41784 | 2
42762 | 3
41133 | 2
41731 | 3
41808 | 2
41790 | 2
41537 | 2
41777 | 2
41791 | 3
41858 | 2
42823 | 2
40733 | 3
41761 | 2
41801 | 3
41656 | 2
42158 | 3
42274 | 2
41354 | 2
42093 | 2
41528 | 2
41704 | 3
41842 | 3
41858 | 2
44458 | 3
39171 | 3
41607 | 2
41861 | 2
42184 | 2
41337 | 3
41826 | 2
41747 | 2
44747 | 2
39145 | 2
41540 | 2
41747 | 2
41812 | 2
41827 | 2
41739 | 2
41760 | 3
41808 | 2
41745 | 2
41781 | 2
41933 | 3
41609 | 3
41876 | 2
41786 | 2
41810 | 3
41763 | 2
41759 | 2
42062 | 3
42256 | 2
41194 | 2
41861 | 3
41757 | 2
41949 | 2
41521 | 2
41781 | 2
41779 | 3
41681 | 2
42006 | 2
41468 | 2
41785 | 2
41980 | 3
41933 | 2
41893 | 2
41796 | 2
41702 | 2
41534 | 2
41914 | 2
41553 | 3
41755 | 2
41765 | 3
43233 | 2
40761 | 2
41771 | 2
41653 | 3
42527 | 2
41085 | 2
41806 | 2
43144 | 2
40409 | 2
41842 | 3
41559 | 2
41720 | 3
42277 | 2
41360 | 2
41738 | 2
42174 | 3
41664 | 3
41867 | 3
41732 | 2
41865 | 2
41498 | 2
41784 | 2
41825 | 2
41831 | 2
41951 | 2
41801 | 2
41763 | 3
42517 | 3
41221 | 2
41356 | 2
41856 | 2
43164 | 2
40376 | 2
41889 | 2
41942 | 3
41815 | 2
41715 | 2
41881 | 2
41905 | 3
41495 | 3
41741 | 2
41887 | 3
41713 | 2
41792 | 2
42110 | 3
41751 | 2
41893 | 2
41713 | 2
41728 | 2
44604 | 2
38949 | 2
41789 | 2
41869 | 2
42203 | 2
41311 | 2
41778 | 2
41807 | 3
41783 | 2
41780 | 2
41872 | 3
43769 | 2
39809 | 3
41796 | 3
41476 | 2
41791 | 3
41741 | 2
41845 | 2
41889 | 2
41669 | 2
42044 | 2
41820 | 2
41759 | 3
41825 | 2
41521 | 2
41816 | 2
41967 | 2
44591 | 2
38792 | 3
42055 | 2
41841 | 3
42141 | 3
41452 | 3
41716 | 2
41617 | 2
41754 | 2
41830 | 2
42052 | 3
41729 | 3
41763 | 2
41780 | 2
41900 | 2
41754 | 2
41709 | 2
41912 | 2
41766 | 3
42056 | 2
42437 | 2
41470 | 3
44816 | 3
38129 | 2
41747 | 3
42430 | 2
41146 | 2
41795 | 2
41812 | 2
41803 | 2
41793 | 2
41757 | 2
41802 | 2
41797 | 2
41626 | 2
41707 | 3
41882 | 2
41685 | 2
41819 | 2
42009 | 2
41789 | 3
41913 | 2
41714 | 2
41747 | 2
41607 | 3
41770 | 3
41867 | 3
41735 | 2
41787 | 2
42757 | 2
41075 | 2
41688 | 3
41974 | 3
42150 | 2
41083 | 3
41725 | 3
41769 | 2
41915 | 2
45470 | 2
38302 | 3
41803 | 2
41762 | 2
41828 | 2
41936 | 3
41419 | 2
41785 | 3
41825 | 3
41805 | 2
41721 | 3
42119 | 2
41788 | 2
44635 | 3
39354 | 2
41405 | 2
41661 | 2
41806 | 2
41765 | 2
41817 | 2
41582 | 2
41772 | 2
42374 | 2
41280 | 2
41711 | 2
42059 | 2
41849 | 3
42092 | 2
41485 | 2
41792 | 2
41458 | 2
42041 | 2
41778 | 2
41753 | 2
41820 | 2
41958 | 3
41724 | 2
41707 | 2
41842 | 2
41737 | 2
42664 | 3
40934 | 2
41754 | 3
41926 | 2
42170 | 2
41378 | 2
41868 | 2
41652 | 2
41805 | 2
41737 | 2
41583 | 2
41885 | 2
41725 | 2
41735 | 2
42039 | 2
41835 | 2
41788 | 2
42012 | 2
41541 | 2
42058 | 2
41303 | 2
41764 | 2
44675 | 2
38903 | 3
41753 | 2
42077 | 2
41785 | 2
41890 | 2
41681 | 3
41577 | 2
41810 | 3
42962 | 2
40698 | 2
41625 | 2
42094 | 3
41851 | 3
41810 | 2
41807 | 3
41795 | 2
41454 | 3
41757 | 2
41750 | 2
41867 | 2
41958 | 2
41848 | 2
41817 | 2
41794 | 3
41785 | 2
41909 | 2
42192 | 2
41062 | 3
41835 | 3
41723 | 2
45117 | 2
38789 | 2
41783 | 3
41799 | 2
42318 | 2
41978 | 2
40983 | 2
41809 | 2
41832 | 2
41751 | 3
42596 | 2
41018 | 3
41744 | 2
42106 | 2
41398 | 2
41867 | 3
41899 | 2
41830 | 2
44631 | 2
38911 | 2
41413 | 3
42363 | 2
41751 | 2
41819 | 2
41658 | 3
41787 | 2
42235 | 3
41914 | 2
41281 | 3
41755 | 2
41750 | 2
41880 | 2
41761 | 2
41772 | 2
41771 | 3
41552 | 2
41814 | 2
41864 | 2
41721 | 2
41787 | 3
42016 | 2
41846 | 2
41769 | 3
41779 | 3
41765 | 2
42570 | 3
41004 | 2
41735 | 2
41933 | 2
41727 | 2
41556 | 2
41721 | 2
41842 | 2
41903 | 2
42575 | 2
41197 | 2
41783 | 2
41805 | 2
41815 | 2
41904 | 2
41386 | 2
41772 | 2
41812 | 3
41823 | 2
41801 | 3
41991 | 2
41741 | 2
44706 | 3
38940 | 2
41590 | 2
41743 | 2
41771 | 2
41844 | 2
41721 | 2
41940 | 3
41889 | 2
42564 | 2
41011 | 2
41747 | 2
41633 | 3
42223 | 3
41296 | 2
41824 | 3
41767 | 2
43427 | 2
40654 | 2
41540 | 2
41782 | 2
41924 | 2
41486 | 2
41763 | 2
41800 | 2
41833 | 2
41752 | 3
43274 | 3
40671 | 2
41670 | 3
41802 | 2
41773 | 2
41521 | 3
41973 | 2
41553 | 3
41828 | 2
43313 | 2
40575 | 3
41872 | 2
41706 | 2
41762 | 2
42203 | 2
41003 | 2
41771 | 2
41831 | 2
41810 | 2
42248 | 3
41873 | 2
41783 | 2
45024 | 3
38258 | 2
41478 | 2
41803 | 2
41819 | 2
42309 | 3
41193 | 2
41939 | 3
42205 | 2
41468 | 2
41917 | 3
42508 | 2
40840 | 3
41732 | 2
43153 | 3
40411 | 2
42329 | 2
41457 | 3
42021 | 2
41569 | 2
42044 | 2
41658 | 2
41479 | 2
41754 | 2
41808 | 2
41768 | 3
42062 | 2
42981 | 3
40609 | 2
41763 | 2
41728 | 2
41933 | 2
41531 | 2
41735 | 3
41817 | 2
41784 | 2
44173 | 2
39705 | 2
42297 | 2
41210 | 2
42570 | 2
41262 | 2
41671 | 2
41745 | 2
42549 | 2
40946 | 2
41890 | 2
41943 | 2
41537 | 2
44691 | 2
38910 | 2
41790 | 3
41841 | 2
41806 | 3
41718 | 3
41554 | 2
41803 | 3
41800 | 2
41850 | 3
42020 | 2
41768 | 2
41882 | 2
41741 | 2
41925 | 3
41259 | 2
41886 | 2
41778 | 2
41792 | 2
42928 | 2
40928 | 2
41746 | 2
41780 | 2
41806 | 3
41788 | 2
41542 | 3
41792 | 2
42646 | 2
41018 | 2
41656 | 3
42194 | 2
41766 | 2
41809 | 2
41757 | 2
41430 | 2
41939 | 2
42226 | 3
41275 | 2
41804 | 2
41972 | 3
41980 | 2
41633 | 2
41815 | 2
41787 | 2
41576 | 2
41810 | 2
41732 | 2
56942 | 2
26656 | 3
45075 | 2
38825 | 2
41817 | 2
41820 | 2
41695 | 2
41415 | 3
41897 | 3
42053 | 2
41745 | 2
41783 | 2
41796 | 2
41745 | 2
41847 | 2
41779 | 2
42637 | 2
40944 | 3
41827 | 2
42032 | 2
41595 | 2
41793 | 3
41770 | 2
45119 | 2
38945 | 3
41397 | 2
41653 | 2
41768 | 2
41626 | 2
42671 | 2
40892 | 2
41777 | 3
42000 | 2
41791 | 3
41812 | 3
41831 | 2
41572 | 3
41728 | 2
41788 | 2
41802 | 2
41786 | 3
42754 | 2
40722 | 2
42454 | 2
41585 | 2
41705 | 3
41755 | 3
41780 | 2
41797 | 2
41568 | 2
41819 | 2
44710 | 2
38885 | 2
41777 | 3
42129 | 2
41659 | 2
41852 | 2
41710 | 2
41919 | 2
41739 | 2
41822 | 2
41798 | 2
41758 | 3
41462 | 2
41775 | 2
42964 | 2
40655 | 2
41949 | 3
41833 | 2
41826 | 2
41782 | 2
41768 | 2
41892 | 2
41509 | 3
41823 | 2
41803 | 2
41719 | 2
41811 | 2
42864 | 2
41008 | 3
41833 | 2
41754 | 3
41759 | 2
41555 | 3
42133 | 5
41950 | 3
41472 | 2
42870 | 2
40726 | 2
41789 | 3
42049 | 2
41531 | 2
41718 | 3
42005 | 2
41655 | 2
41764 | 2
41801 | 3
41775 | 2
42093 | 2
41279 | 3
44785 | 2
38854 | 2
41715 | 2
42168 | 3
41671 | 3
41780 | 2
41801 | 3
41534 | 2
41835 | 3
41892 | 3
41674 | 3
41755 | 2
42003 | 3
41837 | 2
42267 | 2
41309 | 3
41876 | 3
41565 | 3
41697 | 3
41823 | 3
41801 | 3
41741 | 2
42054 | 2
41764 | 2
41879 | 2
41771 | 2
41715 | 2
42510 | 3
40869 | 2
41763 | 2
41857 | 2
41734 | 2
42036 | 3
41850 | 2
41718 | 3
41809 | 2
41776 | 3
41557 | 2
41775 | 2
42103 | 2
41919 | 3
42070 | 2
41342 | 2
41775 | 3
41802 | 2
41782 | 2
41856 | 2
41704 | 3
41815 | 2
44874 | 2
38691 | 2
41816 | 2
41837 | 2
41733 | 2
41764 | 3
41802 | 2
42052 | 2
41617 | 3
41795 | 2
41785 | 2
41739 | 2
41892 | 2
41718 | 3
42142 | 3
41380 | 2
41792 | 2
41798 | 2
41802 | 3
41790 | 4
41830 | 2
41748 | 2
41776 | 2
42102 | 2
41472 | 2
41797 | 2
41791 | 2
42790 | 2
40668 | 2
41659 | 3
41821 | 2
41754 | 2
42080 | 2
41815 | 3
41752 | 2
41792 | 3
41963 | 3845
37715 | 5
41657 | 2
41769 | 2
41775 | 3
43132 | 3
40687 | 2
41764 | 2
41864 | 3
41730 | 2
41865 | 2
41478 | 2
41863 | 4
44806 | 3
38693 | 3
41735 | 2
42178 | 3
41705 | 2
41922 | 3
41643 | 2
41570 | 2
41827 | 3
41777 | 2
41806 | 2
41805 | 3
41963 | 2
41803 | 2
42265 | 2
41290 | 2
41950 | 2
41413 | 2
41825 | 3
41802 | 2
41730 | 3
42069 | 2
41767 | 2
41698 | 2
41846 | 3
41830 | 2
41831 | 2
42478 | 2
40833 | 2
41780 | 2
42040 | 3
42242 | 2
42613 | 3
40624 | 3
41655 | 2
41862 | 2
41843 | 2
42197 | 2
41721 | 3
41454 | 3
41733 | 2
43595 | 2
39986 | 2
42218 | 2
41105 | 3
42735 | 2
40861 | 2
42119 | 3
41441 | 3
45243 | 2
38968 | 3
41828 | 2
41359 | 2
42189 | 3
41154 | 3
41950 | 2
41680 | 2
41831 | 3
41732 | 2
42038 | 2
41772 | 2
41751 | 2
42085 | 2
42139 | 3
41041 | 2
42113 | 2
41602 | 3
41784 | 2
41821 | 2
41679 | 3
41882 | 2
41819 | 2
41754 | 2
41929 | 2
41428 | 3
41764 | 3
42840 | 2
40755 | 2
41767 | 2
42300 | 3
41543 | 2
41821 | 3
41739 | 3
41575 | 2
41854 | 3
41729 | 3
41789 | 2
41847 | 2
41928 | 2
41867 | 2
42225 | 2
41340 | 2
41774 | 2
41533 | 3
41824 | 3
41829 | 2
41737 | 3
41791 | 2
45174 | 2
38653 | 2
41847 | 2
41724 | 3
41811 | 2
41770 | 2
41795 | 2
41889 | 3
41714 | 2
41844 | 3
41501 | 2
41749 | 2
41933 | 3
41667 | 2
41796 | 2
42114 | 2
41788 | 4
41994 | 2
41612 | 3
42014 | 2
41135 | 3
41873 | 2
41839 | 3
41800 | 2
43478 | 2
40339 | 3
41732 | 3
43063 | 4
40591 | 3
41746 | 2
41562 | 2
41746 | 2
41833 | 3
41862 | 3
41683 | 2
42105 | 3
41798 | 2
41768 | 2
41857 | 2
41369 | 2
41858 | 2
41870 | 2
41733 | 2
41772 | 2
42059 | 2
41904 | 2
41751 | 2
41818 | 2
41844 | 3
44695 | 3
38663 | 2
41759 | 2
41794 | 2
41770 | 2
42071 | 3
41759 | 2
41736 | 3
41864 | 2
42005 | 3
41329 | 3
41775 | 2
41753 | 3
41819 | 2
41774 | 2
42131 | 3
41752 | 2
41744 | 2
41801 | 3
42819 | 2
40484 | 2
41865 | 3
41771 | 3256
38707 | 4
43902 | 4
39723 | 3
41875 | 3
42722 | 3
40802 | 3
41744 | 2
41588 | 2
42240 | 3
41803 | 4
42069 | 3
41330 | 3
42179 | 2
41323 | 2
41904 | 2
42513 | 2
41211 | 2
41832 | 3
42036 | 2
41351 | 2
41841 | 3
42478 | 2
40980 | 2
42183 | 3
41681 | 2
41500 | 2
44847 | 2
39025 | 3
42091 | 3
41373 | 3
41807 | 2
42524 | 2
40885 | 2
42148 | 2
41445 | 3
42057 | 3
43452 | 2
39885 | 3
42622 | 3
41749 | 2
41043 | 3
41704 | 2
42390 | 2
42296 | 2
40689 | 2
42538 | 2
41065 | 2
42506 | 2
41073 | 2
42347 | 2
41284 | 2
41833 | 3
41668 | 2
43003 | 2
40583 | 2
41807 | 2
42279 | 2
41448 | 3
41653 | 3
41806 | 2
41856 | 3
42095 | 2
41458 | 2
41572 | 2
41794 | 3
41822 | 2
41779 | 3
41757 | 2
41869 | 3
41734 | 3
41764 | 2
41830 | 3
41753 | 2
41779 | 3
41898 | 2
44697 | 3
38619 | 2
41825 | 2
41689 | 2
41818 | 3
41981 | 2
41811 | 2
41873 | 3
41727 | 2
41814 | 2
41529 | 2
41969 | 2
41933 | 2
41993 | 3
41571 | 2
41788 | 3
41704 | 2
41802 | 3
41811 | 2
42151 | 2
41493 | 2
41713 | 3
41784 | 3
41807 | 2
41726 | 2
41982 | 2
41427 | 3
42945 | 2
40710 | 2
41684 | 2
42051 | 3
41789 | 2
41786 | 2
41870 | 2
41732 | 3
42595 | 2
40742 | 3
41790 | 3
41796 | 2
41866 | 3
41854 | 2
41947 | 2
41824 | 2
41802 | 3
41558 | 3
41741 | 2
42296 | 2
41239 | 4
41763 | 2
45291 | 3
38551 | 2
41838 | 2
41727 | 2
41782 | 3
41597 | 2
41758 | 3
41792 | 2
41773 | 3
41733 | 3
45742 | 2
39555 | 3
40355 | 2
41840 | 2
41788 | 2
41534 | 3
41711 | 2
41859 | 2
41904 | 2
41722 | 2
42080 | 3
41969 | 5
41577 | 2
41764 | 2
41788 | 4
41532 | 3
42049 | 2
42631 | 2
40693 | 2
44078 | 3
39738 | 3
44072 | 2
39538 | 2
41844 | 3
41530 | 2
41702 | 3
41794 | 3
41892 | 2
41747 | 2
41835 | 2
41955 | 3
41785 | 2
41907 | 2
41686 | 2
41543 | 2
41810 | 3
43085 | 2
40510 | 2
41763 | 2
45151 | 2
38776 | 3
41680 | 2
41789 | 2
41846 | 3
41516 | 2
41800 | 2
41758 | 2
41834 | 3
41851 | 3
41947 | 2
41759 | 3
41876 | 3
41828 | 2
41819 | 2
41514 | 3
41594 | 3
41975 | 3
41741 | 2
41841 | 2
41954 | 2
41800 | 2
41777 | 2
41799 | 2
41701 | 2
41746 | 2
41815 | 3
42781 | 2
40655 | 2
42677 | 3
41500 | 2
41407 | 3
41807 | 2
41949 | 3
41658 | 2
41676 | 2
41684 | 3
41852 | 3
41950 | 2
41589 | 3
42138 | 2
42351 | 3
41137 | 2
41793 | 2
41827 | 2
42343 | 2
41589 | 2
41305 | 3
41833 | 2
46973 | 2
37098 | 2
41350 | 3
41943 | 2
41725 | 2
41867 | 2
41877 | 2
41598 | 3
41886 | 3
41620 | 3
41801 | 2
41743 | 2
41820 | 2
42354 | 3
41263 | 2
41534 | 2
42056 | 2
41492 | 3
41802 | 2
41825 | 2
42307 | 2
41539 | 2
41737 | 3
41803 | 2
42002 | 3
41346 | 2
41785 | 2
42974 | 3
40692 | 2
43317 | 2
40382 | 2
41805 | 2
41862 | 3
42152 | 2
41444 | 2
41496 | 2
41697 | 3
41889 | 2
41775 | 3
41812 | 2
41992 | 2
41828 | 2
41784 | 3
41817 | 2
41543 | 2
41763 | 3
41778 | 2
41792 | 2
41719 | 3
43457 | 2
40348 | 2
41842 | 2
41693 | 2
41772 | 2
41601 | 2
41794 | 2
41863 | 2
41812 | 3
41681 | 2
42183 | 2
41667 | 2
41892 | 3
41752 | 2
41873 | 2
41378 | 2
41904 | 2
41573 | 2
42502 | 2
41198 | 3
41983 | 2
41843 | 3
41766 | 2
41778 | 2
42741 | 2
40630 | 3
41867 | 2
42935 | 2
40532 | 2
44846 | 3
39023 | 3
41738 | 2
41997 | 2
41588 | 2
41817 | 2
41541 | 2
41793 | 3
41851 | 2
41730 | 2
41793 | 2
42075 | 3
41824 | 2
41801 | 2
41763 | 2
41437 | 2
41758 | 3
41892 | 2
41802 | 3
41841 | 2
45377 | 2
38358 | 2
41770 | 3
41797 | 3
41859 | 3
41555 | 2
41733 | 2
41805 | 3
41785 | 3
42061 | 3
41784 | 2
41753 | 3
41825 | 2
41946 | 3
41792 | 2
41480 | 2
41821 | 3
41748 | 2
41792 | 2
41762 | 3
42093 | 3
41901 | 2
41822 | 2
41710 | 3
42126 | 2
41400 | 2
41780 | 2
42941 | 2
40652 | 3
41809 | 3
41796 | 2
41733 | 3
41909 | 3
41890 | 2
41659 | 3
41835 | 2
41721 | 2
41763 | 3
41799 | 2
41759 | 2
41966 | 3
41696 | 2
41762 | 2
41758 | 3
41557 | 2
41785 | 2
41763 | 2
41824 | 3
41858 | 3
45367 | 2
38341 | 2
41776 | 2
41724 | 2
41806 | 2
41618 | 3
41748 | 3
41796 | 2
41766 | 2
41791 | 2
42027 | 3
41759 | 2
41946 | 2
41845 | 2
41683 | 3
41472 | 2
41706 | 2
41928 | 2
42037 | 3
41619 | 2
42017 | 2
41865 | 2
41767 | 2
41916 | 2
42092 | 2
41090 | 2
41791 | 3
42936 | 2
40694 | 2
45381 | 3
38356 | 2
41834 | 2
41790 | 3
41750 | 2
41887 | 2
41488 | 2
41822 | 2
41842 | 2
41707 | 2
41804 | 3
42081 | 2
41774 | 2
41795 | 2
41711 | 2
41525 | 2
41911 | 2
41754 | 2
41731 | 2
41807 | 2
45331 | 2
38465 | 2
42345 | 2
41345 | 2
41831 | 3
41420 | 3
41809 | 2
41723 | 2
41899 | 2
41571 | 2
42099 | 2
41930 | 2
41855 | 2
41741 | 2
42218 | 2
41090 | 2
41999 | 3
41589 | 2
41779 | 2
41828 | 2
42391 | 2
41443 | 2
41761 | 2
41779 | 2
42166 | 2
41390 | 2
41772 | 3
43033 | 2
40594 | 2
41717 | 2
41538 | 2
41858 | 2
41809 | 3
41796 | 2
41918 | 2
41943 | 2
41780 | 2
41723 | 3
41829 | 2
41795 | 2
41592 | 3
41768 | 2
41864 | 2
41766 | 2
41725 | 3
41973 | 3
41850 | 2
41899 | 3
42658 | 2
43832 | 3
38499 | 2
42997 | 2
40662 | 2
41829 | 4
41932 | 2
41694 | 2
41830 | 3
41869 | 2
41941 | 4
41420 | 2
41734 | 2
41786 | 3
41787 | 2
41920 | 2
41899 | 2
41768 | 3
41809 | 3
41824 | 2
41788 | 2
41551 | 2
41806 | 2
41915 | 3
41641 | 2
42351 | 2
41514 | 2
41853 | 2
42914 | 3
40569 | 2
41745 | 2
41714 | 2
41692 | 2
41795 | 3
41832 | 2
42599 | 3
41166 | 2
41757 | 3
41888 | 2
41803 | 3
41854 | 2
41653 | 2
41835 | 2
41717 | 3
41804 | 3
41744 | 2
41990 | 3
41839 | 2
41652 | 2
41930 | 2
44903 | 2
38401 | 2
42479 | 2
41368 | 3
41813 | 2
41726 | 2
41826 | 2
41847 | 3
41490 | 3
41754 | 2
41821 | 2
41880 | 2
41689 | 3
42054 | 2
41849 | 3
41798 | 2
41703 | 2
41783 | 2
41673 | 2
41851 | 2
41663 | 2
41787 | 2
41783 | 3
42144 | 3
41640 | 2
41837 | 2
41837 | 3
42823 | 2
41089 | 2
41359 | 2
41581 | 2
41744 | 2
42069 | 2
41798 | 2
41809 | 2
41889 | 3
41702 | 2
41538 | 2
41718 | 3
41872 | 2
41861 | 5
41757 | 2
42136 | 3
41716 | 3
41747 | 2
41686 | 2
41880 | 2
41497 | 2
41833 | 3
45144 | 2
38408 | 2
43085 | 2
40787 | 3
41767 | 2
41828 | 2
41974 | 2
41954 | 3
41157 | 3
41781 | 3
42490 | 2
41192 | 2
41833 | 2
41979 | 2
41629 | 2
41893 | 2
41801 | 2
41802 | 2
42087 | 3
41500 | 2
42110 | 2
41475 | 3
41814 | 2
47876 | 2
35624 | 2
41789 | 2
42324 | 2
42935 | 2
40204 | 2
42529 | 2
40830 | 3
41847 | 3
41473 | 3
41822 | 2
42102 | 3
41476 | 2
41796 | 3
42064 | 2
41778 | 2
41713 | 2
42421 | 3
41330 | 2
41773 | 3
41701 | 2
41895 | 2
41697 | 2
42267 | 2
41082 | 3
42356 | 3
44957 | 2
38052 | 2
41786 | 2
41989 | 2
41891 | 2
41698 | 3
41781 | 2
41903 | 3
42007 | 2
41229 | 2
41790 | 2
41756 | 3
42742 | 2
41214 | 2
41808 | 2
41751 | 2
41772 | 3
42897 | 2
40274 | 2
41930 | 2
41744 | 3
41850 | 2
41861 | 2
41962 | 2
41778 | 2
42411 | 3
41252 | 3
42978 | 2
40564 | 2
43238 | 2
40482 | 3
42237 | 2
40934 | 2
41766 | 2
43459 | 3
40392 | 2
41542 | 2
42034 | 2
42005 | 2
41549 | 2
41804 | 2
41794 | 3
41606 | 2
41772 | 2
41736 | 3
41819 | 2
41821 | 2
42169 | 2
41688 | 3
45821 | 3
37686 | 2
41909 | 3
41423 | 2
41812 | 3
41833 | 3
41720 | 2
42273 | 2
41558 | 2
41795 | 3
41726 | 3
41787 | 3
41835 | 3
41694 | 2
41635 | 3
41846 | 2
41731 | 2
41843 | 2
42029 | 2
41759 | 2
41752 | 2
41887 | 2
42034 | 3
41345 | 2
41740 | 2
41771 | 2
41789 | 3
43390 | 2
40503 | 2
42172 | 2
41357 | 2
41735 | 2
41630 | 2
41702 | 2
41967 | 5
41690 | 3
41801 | 2
42037 | 3
41765 | 2
41815 | 3
41677 | 2
41860 | 3
41569 | 2
41763 | 2
41858 | 3
41769 | 2
41756 | 2
42110 | 2
41729 | 2
45109 | 3
38445 | 3
41748 | 3
41595 | 2
41853 | 3
41741 | 2
41853 | 2
42760 | 3
40997 | 3
41805 | 2
41686 | 3
41927 | 3
41714 | 2
41601 | 2
41758 | 2
41800 | 3
41823 | 2
41763 | 3
42160 | 2
41661 | 2
41788 | 3
41812 | 2
41762 | 2
41591 | 3
41761 | 2
41814 | 3
41772 | 2
43490 | 3
40336 | 2
42224 | 2
41336 | 2
41698 | 2
41727 | 3
41800 | 2
41689 | 2
41750 | 3
41772 | 2
42205 | 2
41756 | 3
41737 | 2
41825 | 2
41820 | 2
41575 | 3
41721 | 2
41811 | 3
41821 | 2
41744 | 3
42036 | 3
41804 | 2
45157 | 2
38382 | 2
41789 | 2
41625 | 4
41763 | 2
41760 | 3
41792 | 2
43528 | 3
40361 | 3
41724 | 2
41796 | 2
41780 | 2
41749 | 2
41402 | 2
42064 | 2
41770 | 3
41736 | 2
41780 | 2
42043 | 3
41791 | 2
41724 | 2
41861 | 2
41864 | 3
41529 | 2
41734 | 2
41811 | 2
41766 | 2
43525 | 2
40358 | 3
42193 | 2
41382 | 2
41784 | 3
41380 | 2
41882 | 2
41762 | 3
41882 | 2
41781 | 3
41995 | 2
41758 | 2
41867 | 3
41766 | 2
41794 | 3
41600 | 2
41739 | 2
41853 | 2
41685 | 3
41868 | 3
41911 | 2
41828 | 3
45224 | 3
38332 | 2
41880 | 3
41373 | 2
41774 | 2
41882 | 2
41807 | 2
43061 | 2
40736 | 3
41883 | 3
41794 | 2
41753 | 2
42295 | 2
41146 | 2
41785 | 3
42274 | 3
41667 | 2
41358 | 3
42244 | 2
41871 | 2
41535 | 2
41799 | 3
42218 | 2
41120 | 2
42080 | 2
41454 | 2
41831 | 2
43523 | 3
40374 | 2
41636 | 2
41864 | 2
41747 | 2
41622 | 2
41710 | 2
41803 | 2
41837 | 2
41789 | 2
42088 | 3
41807 | 2
41814 | 2
42021 | 2
41826 | 2
41084 | 2
41935 | 3
42203 | 2
41310 | 2
41829 | 3
41854 | 3
41780 | 2
46218 | 2
37400 | 3
41769 | 2
42067 | 2
41767 | 2
42393 | 2
40865 | 3
41781 | 2
41908 | 3
42030 | 3
41956 | 3
41880 | 2
41508 | 2
41679 | 2
41624 | 3
42155 | 2
41383 | 3
41779 | 2
42032 | 2
41795 | 2
41755 | 2
41877 | 3
41787 | 3
41518 | 3
41796 | 2
41723 | 3
41814 | 3
43579 | 2
40353 | 2
41794 | 2
41779 | 2
41791 | 2
41449 | 3
41849 | 2
42374 | 2
41304 | 2
41691 | 2
42062 | 2
41754 | 3
41821 | 2
41663 | 3
41853 | 2
41830 | 2
41772 | 3
41763 | 2
41805 | 3
41613 | 3
41749 | 2
41799 | 2
45284 | 2
38585 | 3
41788 | 3
41741 | 2
42039 | 5
41226 | 3
41684 | 3
41963 | 2
41814 | 3
41859 | 2
41934 | 3
41737 | 2
41844 | 2
41839 | 2
41712 | 2
41595 | 2
41756 | 3
41754 | 2
41822 | 3
41800 | 2
42172 | 3
41759 | 2
41771 | 2
41743 | 2
41746 | 2
41657 | 2
41677 | 2
43225 | 2
40371 | 2
41810 | 2
42094 | 2
41655 | 2
41862 | 3
41793 | 2
43141 | 4
40230 | 2
41760 | 3
41848 | 2
41706 | 2
45018 | 3
38876 | 3
41763 | 2
41873 | 3
41726 | 2
41412 | 2
41829 | 2
41880 | 3
41733 | 2
41822 | 2
45574 | 2
38170 | 3
42084 | 3
41536 | 2
41881 | 3
41502 | 2
41766 | 2
41839 | 2
41776 | 2
41780 | 3
42082 | 3
41757 | 2
41840 | 2
41805 | 3
41740 | 2
41435 | 2
42075 | 3
41577 | 3
41802 | 2
41816 | 2
41944 | 2
41752 | 2
41885 | 2
41812 | 2
41768 | 2
41552 | 2
41798 | 3
43029 | 2
40601 | 2
41711 | 2
41986 | 3
41927 | 2
41789 | 3
41767 | 2
42239 | 3
41041 | 2
41861 | 3
41760 | 3
41749 | 3
45127 | 2
38681 | 2
41852 | 2
41790 | 3
41801 | 3
41677 | 3
41570 | 2
41818 | 2
41812 | 3
41794 | 2
41800 | 2
42113 | 3
41826 | 2
41687 | 2
41841 | 2
41487 | 2
41747 | 2
41848 | 3
41783 | 3
41819 | 2
41922 | 2
41751 | 2
42097 | 2
41452 | 2
41787 | 2
41557 | 3
41891 | 2
41851 | 3
41745 | 3
41830 | 2
41931 | 2
41979 | 2
41800 | 2
41728 | 3
41801 | 3
41484 | 2
41726 | 2
43250 | 2
40446 | 2
41741 | 2
41975 | 2
41833 | 2
42075 | 3
41695 | 2
42239 | 2
41071 | 2
41866 | 2
41759 | 3
41769 | 2
45875 | 2
38074 | 2
41660 | 3
41844 | 2
41748 | 3
41719 | 2
41606 | 2
41884 | 2
41724 | 3
41825 | 2
45539 | 2
38228 | 2
41776 | 2
41793 | 3
41873 | 2
41529 | 3
41759 | 2
41666 | 2
41891 | 3
41925 | 3
41983 | 3
41740 | 2
42698 | 2
43539 | 2
39132 | 2
41515 | 2
41825 | 3
41809 | 2
41730 | 2
41837 | 3
42103 | 2
41762 | 3
41781 | 2
41780 | 3
41759 | 2
41588 | 3
41822 | 2
43167 | 2
40378 | 3
41789 | 3
42060 | 2
41736 | 2
41799 | 3
41790 | 2
42226 | 2
41180 | 2
41710 | 2
41881 | 2
41707 | 3
46715 | 3
36858 | 2
41850 | 2
41910 | 2
41872 | 2
41774 | 2
41855 | 2
41925 | 3
41394 | 2
41733 | 3
45386 | 2
38223 | 2
41867 | 2
41949 | 2
41844 | 3
41699 | 3
41710 | 2
42447 | 2
41071 | 3
41748 | 2
41793 | 3
41744 | 2
43094 | 2
41323 | 2
41224 | 3
41746 | 2
41819 | 2
41797 | 2
41625 | 2
41789 | 2
41716 | 2
41808 | 2
41777 | 3
42022 | 3
41733 | 2
41757 | 2
41879 | 3
43113 | 2
40349 | 2
41791 | 3
41754 | 2
41811 | 2
42186 | 3
41377 | 2
42233 | 3
41350 | 3
41808 | 2
41555 | 2
42275 | 3
41402 | 2
41692 | 2
41665 | 2
42219 | 2
41794 | 2
41770 | 3
41741 | 2
41785 | 2
41774 | 6
41613 | 3
45325 | 2
38231 | 2
41805 | 2
42506 | 2
41271 | 2
41774 | 2
41879 | 3
41722 | 3
41600 | 3
42336 | 2
41208 | 3
41909 | 2
42746 | 3
40784 | 3
42160 | 2
41566 | 2
41884 | 3
41649 | 2
41849 | 2
41824 | 3
41475 | 2
42094 | 2
41597 | 2
41757 | 2
41791 | 3
41773 | 3
41780 | 2
43876 | 2
39746 | 2
41706 | 2
41868 | 2
42000 | 3
41717 | 2
41895 | 2
41846 | 3
41761 | 2
41785 | 3
41603 | 3
41711 | 2
45002 | 2
39128 | 2
41568 | 3
42029 | 2
41287 | 3
44069 | 2
40114 | 2
41617 | 3
41503 | 3
42527 | 2
45658 | 2
37245 | 3
41836 | 2
41481 | 2
42484 | 2
42071 | 2
41146 | 2
41447 | 2
41826 | 2
41944 | 2
42323 | 3
41014 | 2
42060 | 3
41961 | 2
41658 | 2
41786 | 3
42179 | 2
41366 | 2
42139 | 2
41217 | 2
41845 | 3
41734 | 2
41955 | 2
42157 | 3
41237 | 2
41907 | 2
41754 | 2
43350 | 2
40488 | 2
41815 | 2
41802 | 2
41999 | 2
41518 | 4
41758 | 2
41786 | 3
41873 | 3
41751 | 2
41740 | 2
41809 | 3
43032 | 3
41157 | 2
41229 | 2
41544 | 3
42194 | 2
41374 | 2
41728 | 2
41957 | 4
41641 | 2
41841 | 2
45811 | 2
37767 | 2
41789 | 2
41994 | 2
41774 | 2
41830 | 2
41803 | 3
42236 | 2
41065 | 3
41843 | 3
41763 | 2
41773 | 2
41759 | 2
41864 | 3
41762 | 2
41819 | 3
42291 | 2
43761 | 2
39604 | 3
41749 | 2
41757 | 3
41880 | 2
41747 | 2
41592 | 2
41714 | 2
41792 | 2
41822 | 2
44043 | 3
39537 | 2
41784 | 2
41759 | 3
41773 | 2
41717 | 3
42140 | 2
41811 | 3
41757 | 3
41870 | 2
41455 | 2
41739 | 3
42407 | 2
41249 | 2
41723 | 2
42263 | 2
41287 | 3
42766 | 2
40915 | 2
41787 | 2
41785 | 2
41732 | 2
41848 | 2
42009 | 2
41848 | 3
41714 | 2
41849 | 3
41797 | 2
41625 | 2
41702 | 2
41797 | 2
43019 | 3
40645 | 3
41730 | 2
41732 | 2
41759 | 3
41852 | 3
41759 | 2
41895 | 2
42492 | 2
41307 | 2
41710 | 2
41743 | 3
41850 | 2
41875 | 2
41453 | 3
41846 | 2
41792 | 2
41853 | 2
43332 | 2
40165 | 2
41772 | 2
41788 | 3
41772 | 2
41753 | 3
41949 | 2
41651 | 2
43090 | 2
40824 | 2
41865 | 2
41670 | 3
42312 | 3
41008 | 2
41866 | 2
41855 | 2
41766 | 2
50039 | 3
33482 | 2
41774 | 3
42289 | 2
41496 | 2
46171 | 3
37155 | 3
41896 | 2
42465 | 3
42132 | 2
40930 | 3
41853 | 3
41712 | 2
41860 | 3
41798 | 2
41830 | 3
41697 | 3
41987 | 3
41664 | 3
41848 | 2
41763 | 3
41743 | 3
43120 | 2
40228 | 2
41766 | 2
42882 | 2
40697 | 2
48260 | 3
35313 | 2
41900 | 2
41737 | 2
41703 | 2
43541 | 2
40097 | 3
41852 | 2
42264 | 3
41534 | 3
41825 | 3
41800 | 2
41712 | 2
41815 | 2
41784 | 2
41772 | 3
41722 | 2
42365 | 2
41091 | 2
41731 | 2
41874 | 3
41763 | 2
51042 | 2
32504 | 2
41792 | 3
41794 | 2
41788 | 2
45970 | 2
37602 | 2
41819 | 3
41958 | 2
42060 | 2
41584 | 2
41805 | 3
41737 | 2
42270 | 3
41112 | 2
41771 | 2
41780 | 3
41817 | 2
41840 | 3
41722 | 2
41834 | 2
41793 | 2
43787 | 2
39820 | 2
41777 | 3
41947 | 3
41837 | 3
41828 | 2
41768 | 3
41861 | 2
41451 | 2
41835 | 2
44100 | 2
39465 | 2
41811 | 2
41781 | 2
41799 | 3
41777 | 3
42110 | 2
42577 | 4
40577 | 2
41938 | 3
41700 | 2
42319 | 2
41470 | 3
42338 | 2
41280 | 2
42374 | 2
41191 | 3
41944 | 3
41388 | 2
41859 | 2
41864 | 2
41720 | 3
47530 | 2
36171 | 2
41602 | 3
42382 | 2
41276 | 2
41808 | 3
41943 | 2
41627 | 3
42505 | 3
41307 | 3
41786 | 2
41853 | 2
42135 | 3
41177 | 3
41836 | 3
41674 | 2
42277 | 2
44512 | 2
38593 | 2
41744 | 2
42333 | 2
41347 | 2
42814 | 2
40762 | 3
41960 | 3
41845 | 2
42325 | 3
42792 | 2
40271 | 2
41774 | 3
41642 | 3
41649 | 3
41966 | 3
41664 | 2
42485 | 3
41777 | 2
44210 | 2
38933 | 3
47848 | 3
35461 | 3
41841 | 2
41755 | 3
42719 | 2
41065 | 3
42279 | 3
41298 | 2
41773 | 2
41598 | 2
41898 | 3
45377 | 2
38125 | 2
42247 | 2
41266 | 2
41773 | 2
41867 | 2
41759 | 2
41897 | 3
41693 | 3
41839 | 2
41766 | 2
42477 | 2
41359 | 2
41766 | 3
42414 | 2
40990 | 2
41751 | 2
41811 | 3
41742 | 2
41803 | 3
41898 | 2
41600 | 2
47841 | 2
35859 | 2
41853 | 2
41800 | 2
41714 | 2
43624 | 3
40173 | 2
41767 | 3
41974 | 2
41641 | 2
41927 | 2
41417 | 3
41794 | 2
41804 | 2
42007 | 3
41540 | 2
41788 | 3
41831 | 3
41709 | 2
41884 | 2
41717 | 2
41834 | 2
43353 | 3
40252 | 3
41799 | 2
41989 | 2
41764 | 3
45888 | 2
37737 | 2
41898 | 3
41388 | 2
41846 | 2
41709 | 2
41848 | 2
41799 | 2
41821 | 3
41762 | 3
41779 | 2
41750 | 3
42259 | 2
41511 | 3
41600 | 2
41825 | 2
41805 | 2
41787 | 2
42148 | 2
41797 | 2
41756 | 2
41752 | 2
41708 | 2
41656 | 2
41849 | 3
41713 | 2
41883 | 2
45661 | 3
37983 | 2
41755 | 2
41827 | 2
41716 | 2
41885 | 2
41744 | 2
41796 | 3
41795 | 2
41810 | 3
41724 | 3
42056 | 3
41938 | 3
41684 | 3
41750 | 2
41579 | 3
41887 | 2
42251 | 2
41205 | 2
41817 | 2
41805 | 2
41771 | 2
46632 | 2
36963 | 3
41832 | 2
41789 | 2
41742 | 2
41738 | 3
41903 | 2
41717 | 2
42070 | 3
41744 | 2
41858 | 2
41682 | 3
41865 | 2
41524 | 2
41827 | 2
41712 | 2
41913 | 2
41687 | 2
41882 | 2
41671 | 2
41865 | 2
41638 | 3
42481 | 2
41214 | 2
42070 | 2
41480 | 2
43168 | 2
42425 | 2
40037 | 3
41805 | 2
41620 | 3
42065 | 2
42088 | 2
43105 | 2
39895 | 2
42804 | 3
40709 | 2
41878 | 2
41806 | 2
41749 | 2
41762 | 2
41795 | 2
41880 | 2
41713 | 2
43309 | 2
40197 | 3
41728 | 2
41959 | 2
41828 | 2
47298 | 3
36407 | 2
41593 | 2
41793 | 3
41831 | 2
44906 | 3
38701 | 2
41748 | 2
42128 | 3
42842 | 2
40641 | 2
41749 | 2
41737 | 2
42558 | 3
41040 | 2
41690 | 2
41786 | 3
41591 | 2
41743 | 2
41781 | 2
42901 | 3
41039 | 2
42606 | 2
40692 | 2
42569 | 2
41051 | 2
41733 | 2
44702 | 2
38871 | 2
41913 | 2
41911 | 2
41785 | 2
41794 | 2
41812 | 2
41707 | 3
41545 | 2
42352 | 3
41227 | 3
41871 | 2
41784 | 3
41697 | 2
42200 | 2
41390 | 2
42416 | 2
41270 | 3
41913 | 3
42168 | 3
41291 | 3
41760 | 2
48606 | 2
35081 | 3
41986 | 2
43354 | 2
40143 | 2
42117 | 2
41206 | 2
41829 | 2
41821 | 2
41792 | 3
41658 | 2
41847 | 3
41768 | 2
41981 | 3
41714 | 2
41740 | 2
41818 | 2
41781 | 2
41824 | 2
42346 | 2
41419 | 2
41879 | 2
43061 | 2
40473 | 3
42096 | 2
41235 | 3
41798 | 3
43385 | 3
40169 | 2
41846 | 2
41649 | 2
41917 | 2
41744 | 3
41844 | 2
41820 | 2
42105 | 3
41420 | 2
41880 | 3
41708 | 2
41820 | 2
41935 | 3
41834 | 2
41721 | 2
41820 | 2
41966 | 2
41806 | 3
41370 | 2
41703 | 3
41843 | 2
48779 | 2
34912 | 2
41772 | 2
41772 | 2
42662 | 2
41315 | 2
41401 | 2
41779 | 2
41797 | 4
41769 | 2
41796 | 2
42057 | 2
41957 | 3
41671 | 3
41782 | 2
41870 | 2
41425 | 3
41723 | 2
41757 | 2
41872 | 2
41825 | 2
41756 | 2
42877 | 3
40741 | 2
42080 | 2
41501 | 2
41806 | 3
44924 | 3
39024 | 2
41382 | 2
42138 | 2
41788 | 2
41830 | 3
41713 | 2
41856 | 2
42013 | 3
41152 | 3
42313 | 2
41334 | 2
41777 | 3
41814 | 2
42083 | 2
41500 | 2
41817 | 3
41709 | 2
42219 | 2
41915 | 3
41260 | 2
42381 | 2
48109 | 3
35188 | 3
42245 | 2
41249 | 3
42514 | 2
41882 | 2
40802 | 2
42260 | 3
41273 | 2
41855 | 2
42842 | 3
40643 | 3
41830 | 2
41934 | 2
41640 | 2
41796 | 2
41824 | 3
41758 | 2
41797 | 2
42307 | 3
41591 | 2
42267 | 2
42342 | 3
40790 | 3
42045 | 3
41251 | 2
41775 | 2
44488 | 3
39602 | 3
41267 | 3
41868 | 2
41732 | 3
42746 | 3
40833 | 3
41753 | 3
41806 | 3
42370 | 2
41193 | 2
41875 | 2
42418 | 2
41407 | 2
41808 | 2
41730 | 2
41785 | 3
41709 | 2
42430 | 3
41273 | 2
42378 | 2
40906 | 2
46866 | 2
37115 | 2
41436 | 2
42545 | 2
41648 | 3
42483 | 3
41067 | 2
41475 | 79
41991 | 3
41082 | 2
42251 | 3
41828 | 3
41274 | 2
41927 | 2
42023 | 2
41554 | 3
41784 | 2
41872 | 2
41770 | 2
42085 | 2
41433 | 2
41859 | 2
41840 | 3
42095 | 2
41575 | 2
41720 | 2
41874 | 3
45030 | 2
38798 | 2
41402 | 2
41598 | 2
41761 | 3
45862 | 2
37777 | 3
41915 | 2
41704 | 3
41740 | 2
41833 | 2
41869 | 2
41911 | 2
41718 | 3
41681 | 3
41805 | 2
42133 | 2
41812 | 2
41739 | 2
42089 | 2
41928 | 2
41100 | 2
47148 | 2
36496 | 2
41811 | 3
41808 | 3
41729 | 3
43614 | 2
39886 | 3
41830 | 3
41771 | 2
42681 | 2
43434 | 3
39902 | 2
41111 | 2
42088 | 2
41892 | 3
41744 | 2
41989 | 2
41635 | 2
42046 | 3
41246 | 2
41732 | 3
41883 | 3
42005 | 2
41508 | 2
42249 | 3
41269 | 2
42387 | 2
45010 | 3
37992 | 2
41709 | 2
41843 | 2
41790 | 3
43246 | 3
40677 | 3
41785 | 2
41762 | 2
41750 | 2
41826 | 3
41555 | 2
41826 | 2
41772 | 2
41742 | 2
41769 | 3
41895 | 2
41777 | 2
41776 | 3
41846 | 3
41782 | 3
41813 | 2
47579 | 2
35928 | 2
41756 | 2
42092 | 3
41771 | 2
41785 | 3
41803 | 2
41757 | 2
41583 | 3
41766 | 2
41843 | 3
41707 | 2
41802 | 2
41936 | 3
41685 | 2
41852 | 3
41722 | 2
41794 | 3
41768 | 2
41774 | 3
41783 | 2
41858 | 2
43245 | 3
41526 | 2
40761 | 2
41978 | 2
41653 | 2
43595 | 2
40043 | 2
41728 | 3
41866 | 2
41765 | 2
41504 | 3
41769 | 3
41781 | 2
41857 | 2
41898 | 3
41660 | 3
41781 | 3
41789 | 2
41729 | 2
41973 | 2
41728 | 2
41765 | 2
41855 | 2
41741 | 2
41859 | 3
42086 | 2
41644 | 3
47030 | 2
36502 | 3
41926 | 2
41707 | 2
42859 | 3
41789 | 2
40782 | 3
41878 | 3
41375 | 3
41764 | 2
41906 | 3
41586 | 2
41936 | 2
41777 | 3
41769 | 2
41827 | 2
41818 | 3
41710 | 2
41956 | 2
41980 | 2
41458 | 3
41851 | 2
41768 | 2
42811 | 3
41160 | 2
41692 | 2
41868 | 2
43421 | 2
39677 | 2
41923 | 2
41787 | 3
41720 | 2
44723 | 2
38896 | 2
41869 | 2
41764 | 2
41748 | 2
41788 | 2
41829 | 2
143921 | 3
619 | 2
462 | 2
22174 | 3
42070 | 2
41788 | 2
41749 | 2
41746 | 2
41664 | 2
41710 | 2
46953 | 3
36648 | 2
42134 | 2
41402 | 2
41783 | 2
45790 | 3
38115 | 2
41707 | 3
41808 | 2
41730 | 3
41804 | 2
41961 | 2
41761 | 2
41767 | 2
41769 | 2
41420 | 3
41887 | 2
41903 | 3
41612 | 2
42216 | 3
41393 | 3
41843 | 2
41913 | 2
41873 | 2
41857 | 2
41721 | 3
41780 | 2
44907 | 2
38419 | 2
41863 | 2
41714 | 2
41835 | 3
46337 | 2
37151 | 3
41821 | 2
41838 | 2
41825 | 2
41783 | 2
41772 | 3
41762 | 2
41842 | 2
41774 | 2
41821 | 2
42024 | 3
42147 | 3
41362 | 2
42304 | 2
41547 | 3
41662 | 2
45843 | 2
37382 | 2
41784 | 3
41725 | 2
42032 | 2
45460 | 3
37966 | 2
41868 | 2
41723 | 3
41763 | 2
41823 | 2
41729 | 2
41833 | 2
42127 | 2
41685 | 3
41877 | 3
41806 | 2
42113 | 2
41145 | 3
41992 | 2
41734 | 2
41854 | 3
41798 | 2
41825 | 2
41680 | 3
41947 | 2
41637 | 2
47457 | 2
36152 | 2
41834 | 3
41765 | 2
42276 | 2
45066 | 2
38426 | 3
42186 | 2
41217 | 2
42327 | 2
41759 | 2
41261 | 2
41804 | 3
41761 | 2
41926 | 2
42271 | 2
40969 | 3
41856 | 2
42017 | 3
41783 | 2
41714 | 2
41827 | 2
47637 | 2
36273 | 2
42095 | 2
41129 | 3
41841 | 3
45991 | 2
37580 | 2
42521 | 3
41504 | 2
41303 | 2
41921 | 3
42017 | 2
41468 | 2
41946 | 3
41707 | 3
41736 | 3
41524 | 2
41851 | 3
41781 | 2
41854 | 2
41664 | 2
42518 | 3
41432 | 2
41545 | 2
41801 | 2
41770 | 2
41759 | 3
47811 | 3
35888 | 2
41632 | 3
42307 | 2
41474 | 3
41749 | 2
41883 | 4
42142 | 3
41438 | 2
42090 | 2
41523 | 3
41813 | 2
42120 | 2
41274 | 2
41737 | 3
42044 | 2
41780 | 2
41537 | 3
42124 | 2
41434 | 3
41789 | 2
44359 | 3
49961 | 3
31420 | 3
41450 | 3
42670 | 3
41384 | 2
48549 | 2
35573 | 2
41031 | 3
41737 | 2
41944 | 4
41959 | 2
41609 | 2
41506 | 3
42262 | 2
41351 | 3
41937 | 2
41534 | 3
41654 | 3
41768 | 3
41754 | 2
41812 | 2
42106 | 2
41612 | 3
41838 | 2
41577 | 2
41847 | 2
41754 | 2
44620 | 2
38956 | 3
42354 | 2
41526 | 2
41745 | 2
41882 | 3
41675 | 2
41804 | 3
41564 | 3
41782 | 2
41806 | 3
41896 | 2
41690 | 2
41760 | 2
41814 | 3
42425 | 2
42228 | 3
41132 | 3
41385 | 2
41808 | 2
41648 | 2
41958 | 2
45610 | 2
38134 | 2
41828 | 2
41786 | 2
41787 | 2
42245 | 2
41799 | 2
41774 | 2
41318 | 2
41782 | 2
41907 | 2
41753 | 2
41889 | 2
42199 | 3
42537 | 3
41072 | 2
41211 | 3
41769 | 2
41804 | 2
41788 | 2
41824 | 2
41770 | 2
41802 | 2
41792 | 3
41741 | 2
42244 | 3
41462 | 3
44086 | 3
39482 | 2
41863 | 2
41990 | 2
41774 | 2
41889 | 2
41367 | 2
41844 | 2
41799 | 2
41780 | 3
41837 | 2
41654 | 2
41811 | 3
41851 | 2
41755 | 2
42034 | 3
41604 | 2
42123 | 2
41408 | 3
41894 | 2
41697 | 2
41792 | 3
46276 | 3
37230 | 2
41904 | 2
42011 | 2
41486 | 2
42303 | 3
41306 | 2
42225 | 4
41465 | 2
41408 | 3
42030 | 2
42366 | 3
41748 | 2
41374 | 3
41750 | 3
41754 | 2
41777 | 2
42291 | 2
41744 | 2
41304 | 3
41752 | 2
41961 | 3
41739 | 2
41831 | 2
42464 | 2
41303 | 2
41527 | 2
44137 | 2
39526 | 2
41833 | 2
41753 | 2
41731 | 2
43475 | 3
40406 | 3
41298 | 2
42110 | 2
41420 | 2
43042 | 2
40528 | 3
41851 | 2
42140 | 2
41387 | 3
41907 | 3
42217 | 2
41231 | 2
42245 | 3
41328 | 2
41813 | 3
41721 | 3
45871 | 2
38021 | 3
41773 | 2
41799 | 3
41894 | 2
42185 | 2
41117 | 2
41806 | 2
41736 | 3
41784 | 2
51029 | 3
32490 | 3
41809 | 3
41815 | 2
41817 | 3
41781 | 2
41698 | 2
41766 | 2
41910 | 2
41788 | 2
41828 | 3
41991 | 2
41844 | 2
42435 | 2
41049 | 2
41796 | 2
41830 | 2
43619 | 3
40034 | 2
41815 | 3
41815 | 2
41674 | 2
42580 | 3
41209 | 2
41581 | 2
41564 | 3
41787 | 3
41790 | 2
41989 | 3
41591 | 2
41770 | 2
41782 | 2
41816 | 2
42650 | 2
41054 | 3
41652 | 2
41804 | 2
41752 | 2
41949 | 2
45626 | 2
38010 | 3
41800 | 3
41758 | 2
41793 | 2
41782 | 2
42290 | 2
41884 | 3
41322 | 2
41767 | 3
41824 | 2
41505 | 3
41802 | 2
41785 | 2
41779 | 2
46255 | 2
37382 | 2
41670 | 2
41905 | 2
41752 | 2
41865 | 3
41703 | 3
41882 | 2
41746 | 2
41737 | 2
41950 | 2
41894 | 2
43883 | 2
40198 | 2
41354 | 2
41805 | 2
41814 | 2
42159 | 3
41366 | 3
41761 | 3
41744 | 2
41875 | 2
41637 | 3
41781 | 2
41906 | 2
41727 | 2
41881 | 3
41844 | 3
41709 | 2
41742 | 2
41789 | 3
41995 | 3
41682 | 2
42443 | 3
45466 | 3
37413 | 3
41807 | 2
41824 | 2
41730 | 2
41812 | 2
41788 | 2
41815 | 2
41768 | 3
41807 | 3
42300 | 3
40983 | 2
41788 | 3
42157 | 3
41452 | 3
48277 | 2
35298 | 2
41811 | 2
41702 | 3
41864 | 3
41761 | 2
41821 | 3
41830 | 2
41788 | 3
41745 | 2
41876 | 3
41975 | 2
43667 | 3
39884 | 2
41815 | 2
41855 | 2
42417 | 2
41509 | 3
41516 | 2
41772 | 3
41659 | 3
41764 | 2
41778 | 2
41799 | 3
41771 | 2
41913 | 2
41722 | 2
41773 | 2
42288 | 2
41248 | 3
41909 | 2
41696 | 3
41994 | 3
41673 | 2
45804 | 2
37911 | 3
41643 | 2
41799 | 2
41753 | 2
41543 | 2
41892 | 2
41739 | 3
41770 | 3
41802 | 2
44700 | 2
38824 | 2
41829 | 2
41793 | 2
41840 | 2
43749 | 3
39770 | 2
41798 | 2
41747 | 3
41751 | 3
41754 | 2
42132 | 2
41964 | 2
41781 | 2
41639 | 3
41832 | 2
41523 | 2
43686 | 2
39899 | 2
41742 | 2
42057 | 2
41542 | 2
41869 | 3
41716 | 2
41830 | 3
44131 | 3
41356 | 2
39882 | 2
42058 | 3
44176 | 2
39381 | 2
41772 | 2
42737 | 3
40882 | 2
41755 | 2
41861 | 2
41727 | 2
41441 | 2
41932 | 3
46021 | 2
38004 | 2
41296 | 2
41739 | 2
41943 | 2
41749 | 3
41768 | 3
41815 | 2
41755 | 3
42126 | 3
43066 | 2
40142 | 2
42212 | 3
41565 | 2
41865 | 3
42106 | 2
41617 | 2
41737 | 2
41464 | 3
41751 | 2
41938 | 2
42428 | 3
41109 | 2
41782 | 3
41775 | 2
41831 | 2
41752 | 2
41998 | 2
41583 | 2
41756 | 2
41793 | 2
41718 | 2
41862 | 2
42196 | 2
41710 | 2
41705 | 3
41883 | 2
42054 | 2
41219 | 3
41799 | 2
41815 | 2
41830 | 2
43391 | 2
40117 | 2
41815 | 2
41770 | 2
41802 | 2
41852 | 2
41780 | 2
45718 | 2
37809 | 3
41788 | 2
41918 | 2
41900 | 3
41771 | 3
41789 | 2
41828 | 2
41697 | 2
41641 | 2
41777 | 3
41750 | 2
41809 | 2
41979 | 5
41639 | 2
43670 | 3
40222 | 2
41751 | 2
41761 | 2
41812 | 2
41724 | 2
41795 | 2
41887 | 2
41681 | 3
41730 | 3
41878 | 2
41747 | 2
43740 | 2
39829 | 2
41856 | 2
41607 | 3
41742 | 2
41812 | 3
42039 | 2
42031 | 2
41661 | 2
41784 | 3
42652 | 2
40764 | 2
41831 | 3
41766 | 3
42037 | 3
41704 | 2
41634 | 2
41783 | 2
41908 | 2
41607 | 2
41778 | 2
41837 | 2
45860 | 3
37848 | 2
41784 | 3
41818 | 2
41783 | 3
41684 | 2
41825 | 2
41753 | 3
41798 | 2
41890 | 3
42205 | 4
41317 | 3
41541 | 2
41936 | 2
41797 | 2
45312 | 3
38244 | 2
42024 | 3
41810 | 2
41791 | 2
41715 | 2
41856 | 2
42014 | 3
42097 | 2
42137 | 2
40918 | 3
41788 | 2
43789 | 2
39576 | 2
41796 | 2
41995 | 2
41821 | 3
41852 | 3
41768 | 2
41744 | 2
41806 | 3
41832 | 2
42197 | 2
41494 | 2
41661 | 2
41825 | 2
41732 | 3
41799 | 3
41792 | 2
41573 | 2
41722 | 3
41839 | 2
41746 | 2
41893 | 2
45974 | 2
37503 | 2
41767 | 3
41805 | 3
41823 | 2
41915 | 3
41667 | 2
41774 | 2
43666 | 2
40187 | 3
41844 | 2
41652 | 2
41830 | 3
41845 | 2
41740 | 2
41940 | 3
41748 | 2
41722 | 3
41493 | 2
41762 | 2
41774 | 2
41932 | 3
41768 | 2
41738 | 2
41809 | 3
41769 | 3
42013 | 2
44203 | 2
39427 | 3
41757 | 2
42152 | 3
42376 | 2
45370 | 3
39565 | 3
43261 | 2
38108 | 2
41801 | 2
42182 | 2
41395 | 3
41709 | 2
41845 | 2
42370 | 2
41189 | 2
41781 | 2
41784 | 2
42088 | 2
41838 | 2
41446 | 3
41907 | 2
46491 | 2
36742 | 3
42175 | 2
41663 | 2
42061 | 2
42807 | 2
40049 | 2
41917 | 3
41810 | 3
41917 | 3
41959 | 3
42228 | 3
41149 | 3
41813 | 3
41810 | 3
42479 | 2
40915 | 3
41737 | 2
41803 | 3
41842 | 3
44037 | 2
39449 | 2
41842 | 2
41846 | 3
41897 | 2
41582 | 3
41763 | 2
43827 | 2
39842 | 3
41823 | 2
41752 | 2
42078 | 3
41755 | 3
41771 | 2
41840 | 2
41513 | 2
41763 | 2
41819 | 2
41775 | 3
41830 | 2
41859 | 2
41672 | 2
43715 | 2
39823 | 2
41730 | 2
41862 | 2
41720 | 2
41804 | 2
41957 | 3
45790 | 3
37958 | 2
41778 | 2
41745 | 2
41818 | 2
41848 | 2
41629 | 3
41697 | 2
41836 | 2
41754 | 2
41801 | 2
41710 | 3
41848 | 2
41701 | 2
41954 | 2
43470 | 3
39946 | 2
42238 | 3
41448 | 2
41770 | 3
42004 | 2
41807 | 3
41899 | 2
41733 | 2
41767 | 3
41804 | 2
41548 | 2
43893 | 2
39697 | 2
41756 | 2
41882 | 2
41687 | 2
41793 | 3
41766 | 2
41839 | 3
41734 | 2
41726 | 2
41731 | 2
42026 | 2
41707 | 2
42031 | 3
41826 | 2
41764 | 2
41872 | 2
41662 | 3
41603 | 2
41838 | 2
41657 | 2
42072 | 2
45749 | 2
37619 | 2
41851 | 2
41783 | 2
41769 | 2
42098 | 2
41717 | 2
41831 | 2
41897 | 3
41547 | 2
41965 | 2
41708 | 2
41805 | 2
41811 | 3
41808 | 3
42270 | 2
41297 | 2
41783 | 2
41759 | 2
41532 | 2
41886 | 2
41724 | 2
41863 | 2
41789 | 2
41704 | 2
41727 | 2
42088 | 2
43674 | 3
40037 | 2
41690 | 3
41760 | 2
41862 | 3
41756 | 3
41530 | 2
41838 | 2
41773 | 2
45514 | 2
38093 | 3
41793 | 2
41755 | 2
41749 | 2
41874 | 2
42538 | 3
40979 | 2
41805 | 2
41816 | 3
41817 | 2
41880 | 3
41934 | 2
46003 | 2
37539 | 2
41876 | 2
41705 | 2
41502 | 2
41890 | 2
41751 | 2
41763 | 2
41808 | 2
41821 | 2
41791 | 2
41772 | 2
41798 | 2
41952 | 3
41566 | 2
41906 | 2
41765 | 2
41788 | 3
42281 | 3
41634 | 2
41617 | 2
41842 | 2
41844 | 3
41518 | 2
42008 | 2
41592 | 2
41793 | 2
42293 | 2
41282 | 3
41876 | 2
41966 | 3
41792 | 2
41821 | 3
41742 | 2
41859 | 2
41690 | 2
41810 | 2
41816 | 3
41756 | 2
41804 | 2
41574 | 2
41778 | 3
42753 | 2
40832 | 3
41784 | 2
41815 | 2
41811 | 3
41748 | 3
41792 | 2
45943 | 2
37759 | 2
41674 | 2
41719 | 3
41784 | 2
41881 | 3
42092 | 3
41666 | 3
41819 | 2
41887 | 3
41708 | 3
41564 | 2
41811 | 2
41768 | 3
41803 | 2
41775 | 2
41799 | 2
41862 | 3
41704 | 2
41781 | 2
43905 | 2
39680 | 2
41790 | 2
41741 | 2
41853 | 2
41877 | 2
41915 | 2
43862 | 3
39742 | 2
41764 | 2
41836 | 2
41772 | 2
41789 | 3
41807 | 2
41761 | 3
41832 | 3
41752 | 2
41893 | 2
41848 | 2
41720 | 2
41521 | 3
41724 | 2
43415 | 2
40224 | 2
41762 | 3
41823 | 3
41780 | 2
42275 | 3
41385 | 2
45858 | 2
37635 | 2
41794 | 2
41792 | 2
41825 | 3
41813 | 2
41661 | 3
41925 | 2
41705 | 2
42113 | 2
41850 | 2
41661 | 2
41819 | 2
41952 | 3
41774 | 2
42522 | 2
41163 | 2
41501 | 2
41766 | 3
41831 | 2
41832 | 3
41745 | 3
41805 | 3
41730 | 2
41856 | 3
41994 | 3
41688 | 3
43800 | 2
39707 | 2
41825 | 3
41833 | 2
41810 | 2
41646 | 2
42101 | 2
41461 | 3
41768 | 2
41799 | 2
41568 | 3
41869 | 2
41690 | 2
41838 | 3
41825 | 2
42729 | 2
40829 | 3
41804 | 2
41727 | 2
41876 | 3
42762 | 2
40734 | 2
45999 | 3
37556 | 2
41808 | 2
41875 | 2
41990 | 2
41834 | 2
41631 | 3
41816 | 2
42050 | 3
41369 | 2
41801 | 3
41785 | 3
41812 | 2
41965 | 2
41600 | 3
41804 | 2
41793 | 3
41778 | 2
41790 | 2
41861 | 2
42666 | 2
40897 | 3
41792 | 2
41937 | 2
41870 | 3
41749 | 2
41787 | 2
43823 | 3
39537 | 3
41844 | 2
41740 | 3
41801 | 2
41810 | 2
41780 | 3
41785 | 2
41787 | 2
41779 | 2
41837 | 3
41745 | 2
41777 | 3
41881 | 3
41626 | 2
41931 | 3
41956 | 2
41802 | 2
41956 | 2
41635 | 2
41785 | 2
41556 | 2
45981 | 2
37688 | 3
41737 | 2
41939 | 3
41685 | 2
41760 | 2
41793 | 2
42243 | 2
41301 | 3
41749 | 2
41812 | 2
41782 | 3
41900 | 2
41748 | 2
42319 | 2
41356 | 2
41839 | 2
41828 | 2
41553 | 2
41997 | 2
42752 | 3
40631 | 3
41878 | 2
41666 | 3
41844 | 2
41798 | 2
41778 | 2
42514 | 2
41051 | 3
41797 | 2
41752 | 2
42364 | 3
41640 | 2
41697 | 2
41694 | 2
41783 | 2
41858 | 2
41653 | 2
41985 | 3
41746 | 2
41722 | 2
42339 | 3
41800 | 2
41594 | 3
42639 | 2
41648 | 3
41168 | 2
41840 | 3
42461 | 3
44876 | 2
37575 | 2
41909 | 2
41732 | 3
41759 | 2
42356 | 2
41235 | 2
41770 | 2
41677 | 3
41928 | 2
41817 | 2
41707 | 3
41769 | 2
41748 | 2
41826 | 3
41974 | 2
41709 | 3
41786 | 3
41846 | 2
41803 | 2
42333 | 2
41175 | 3
41799 | 2
41739 | 2
41809 | 2
41926 | 2
41646 | 2
43933 | 2
39657 | 2
41789 | 2
41824 | 2
41738 | 2
41822 | 3
41763 | 2
41922 | 2
41433 | 2
41854 | 2
41781 | 2
41725 | 3
41760 | 2
41762 | 2
41916 | 3
41689 | 2
41881 | 2
41845 | 2
41740 | 2
41774 | 2
42439 | 2
41137 | 3
41770 | 2
42005 | 2
42087 | 2
41561 | 2
41800 | 2
42063 | 2
41235 | 2
41876 | 2
41918 | 2
41853 | 4
41718 | 2
41729 | 2
41872 | 2
41790 | 3
41884 | 3
41639 | 2
42298 | 2
41301 | 3
41964 | 2
42458 | 2
40982 | 2
42035 | 2
41787 | 2
41747 | 3
41824 | 2
41764 | 2
41559 | 3
44813 | 3
39059 | 3
42120 | 2
41446 | 3
41819 | 2
42143 | 3
41341 | 2
41895 | 3
41783 | 2
41485 | 2
41795 | 2
42058 | 3
42004 | 2
41477 | 2
41631 | 2
41812 | 2
41800 | 3
41886 | 2
41820 | 2
41775 | 2
42999 | 2
40462 | 3
45975 | 2
37652 | 2
41795 | 2
41670 | 2
42081 | 3
41815 | 2
41788 | 3
41834 | 3
41757 | 3
41523 | 3
41834 | 3
41725 | 2
41806 | 2
41744 | 3
41792 | 2
41751 | 2
41865 | 2
41781 | 2
41829 | 2
42007 | 2
41520 | 2
41869 | 2
41932 | 2
41880 | 2
41916 | 3
41627 | 2
41789 | 2
44119 | 2
39580 | 3
41679 | 2
41869 | 2
41689 | 2
41841 | 3
41504 | 2
41793 | 2
41737 | 2
41869 | 3
41899 | 2
41759 | 3
41735 | 2
41757 | 2
41811 | 2
41804 | 3
41877 | 2
41644 | 2
41911 | 2
41736 | 3
43518 | 2
40124 | 3
41726 | 3
41836 | 2
41891 | 2
41766 | 2
41542 | 2
41902 | 2
41637 | 2
41826 | 3
41729 | 2
41792 | 2
41889 | 2
41707 | 2
41822 | 3
41766 | 2
41795 | 2
41808 | 2
41771 | 2
41783 | 2
41816 | 2
42239 | 2
41618 | 2
41791 | 2
41741 | 2
41550 | 2
41746 | 3
41820 | 2
41959 | 2
44002 | 2
39433 | 2
41758 | 2
41781 | 2
41839 | 3
41743 | 2
41755 | 2
41883 | 3
41797 | 3
41741 | 2
41771 | 3
42050 | 2
41784 | 2
41750 | 2
41886 | 2
41795 | 2
41640 | 2
41703 | 3
41763 | 2
41709 | 2
43116 | 2
40433 | 2
41878 | 3
41810 | 3
41837 | 2
43050 | 2
40501 | 2
41828 | 2
41774 | 2
41787 | 3
41860 | 2
42013 | 2
41837 | 3
41721 | 2
41722 | 2
41863 | 3
41568 | 2
41704 | 2
41826 | 2
41778 | 3
41876 | 2
41958 | 2
41519 | 3
42043 | 2
42105 | 2
41558 | 2
43924 | 2
39972 | 2
41408 | 3
44027 | 2
39543 | 2
41885 | 3
42312 | 2
41187 | 3
41807 | 3
41769 | 3
42042 | 2
41682 | 3
41495 | 2
41738 | 2
41740 | 3
41769 | 2
41897 | 3
41782 | 2
41853 | 3
41900 | 2
41816 | 2
41775 | 2
41756 | 3
42274 | 2
41067 | 2
41797 | 2
41843 | 2
41739 | 2
45955 | 3
37596 | 2
41963 | 2
41661 | 3
41852 | 2
41714 | 2
41941 | 3
41663 | 2
42238 | 3
41521 | 2
41572 | 2
42187 | 2
41734 | 2
41804 | 2
41941 | 2
41283 | 3
42100 | 2
41508 | 3
41796 | 2
41898 | 2
41721 | 2
41793 | 2
43372 | 2
40202 | 3
44064 | 2
39595 | 2
41830 | 3
41633 | 2
41779 | 2
41785 | 3
42166 | 2
41690 | 2
43378 | 2
40197 | 2
41820 | 2
41605 | 2
41744 | 2
41820 | 2
41775 | 3
41703 | 2
42192 | 2
41747 | 2
41809 | 3
41726 | 3
42208 | 2
41442 | 2
41763 | 3
41763 | 2
41804 | 2
41475 | 2
41851 | 2
41978 | 2
41607 | 2
41757 | 2
43854 | 2
39749 | 3
42091 | 3
41443 | 2
41742 | 3
41927 | 2
41990 | 2
41856 | 3
41757 | 3
41718 | 2
41609 | 2
41996 | 2
41457 | 2
41979 | 3
41769 | 3
41722 | 2
41850 | 2
42821 | 2
40758 | 3
43973 | 2
39596 | 3
41770 | 2
42294 | 2
41295 | 2
41870 | 3
41907 | 2
41856 | 3
41845 | 2
41882 | 2
41644 | 3
41513 | 2
41682 | 2
41832 | 3194
38589 | 5
41953 | 2
41723 | 2
41725 | 3
41741 | 2
41836 | 3
41988 | 4
41741 | 2
41687 | 3
41804 | 2
41830 | 2
42238 | 2
41545 | 3
45391 | 2
38150 | 3
41850 | 2
41843 | 3
41442 | 3
41880 | 2
41728 | 2
41834 | 2
41753 | 2
41836 | 2
41787 | 2
41760 | 2
41769 | 2
41711 | 2
41901 | 3
41783 | 2
42004 | 3
41739 | 2
41813 | 2
41941 | 2
42182 | 2
41298 | 2
44088 | 2
39650 | 2
41775 | 2
41389 | 2
41728 | 3
41801 | 3
41899 | 3
41804 | 2
42778 | 2
40936 | 2
41990 | 2
41642 | 3
41797 | 2
41991 | 2
41348 | 2
41885 | 3
41733 | 3
41760 | 2
41711 | 3
41755 | 2
41887 | 2
41799 | 2
41850 | 2
41743 | 2
41787 | 3
43022 | 2
40599 | 2
41910 | 2
41851 | 3
41985 | 3
41613 | 3
41768 | 3
41837 | 3
41342 | 2
41974 | 2
41686 | 3
41832 | 2
41743 | 3
41822 | 3
41845 | 3
41719 | 3
41699 | 3
41897 | 2
41738 | 2
41827 | 2
41778 | 2
41789 | 2
41725 | 2
41986 | 3
43971 | 3
39550 | 2
41723 | 2
43819 | 3
39998 | 3
41810 | 3
41839 | 2
41769 | 3
41900 | 2
41447 | 2
41788 | 2
41766 | 2
41857 | 2
41723 | 2
41855 | 2
41877 | 2
41958 | 2
41742 | 2
41765 | 2
41780 | 2
41873 | 4
41583 | 2
41755 | 3
41722 | 2
41836 | 3
43907 | 2
39694 | 3
41943 | 3
41621 | 3
41819 | 2
46369 | 3
37163 | 6
41883 | 3
41654 | 2
41849 | 2
41779 | 2
42102 | 3
41844 | 3
41799 | 3
41644 | 3
41838 | 2
41739 | 3
41787 | 3
41889 | 2
41731 | 3
42310 | 2
41238 | 3
42256 | 2
41395 | 2
44032 | 2
39559 | 2
42040 | 2
41481 | 3
41904 | 3
42233 | 2
41420 | 2
41591 | 2
41764 | 3
41927 | 3
41662 | 2
41812 | 3
41796 | 2
41880 | 5
41943 | 3
42098 | 3
41326 | 3
42935 | 2
40907 | 3
41784 | 2
41476 | 2
41719 | 2
41750 | 2
41876 | 3
41784 | 2
42269 | 2
41280 | 3
42058 | 2
41478 | 3
41918 | 3
41828 | 3
41764 | 3
41698 | 2
41791 | 2
41944 | 3
41656 | 2
41839 | 3
41800 | 3
41725 | 2
41821 | 2
41528 | 2
41948 | 2
41602 | 2
41794 | 2
41865 | 2
41725 | 2
41971 | 2
41485 | 3
41865 | 3
44233 | 3
39336 | 2
41995 | 2
42481 | 2
40922 | 3
41859 | 2
41926 | 3
41836 | 2
42052 | 2
41645 | 3
41793 | 2
41390 | 2
41957 | 3
41721 | 2
41828 | 2
41766 | 3
41854 | 2
42094 | 2
41424 | 2
41739 | 3
41812 | 2
41822 | 3
46337 | 2
37300 | 2
41756 | 2
41678 | 2
41922 | 2
42010 | 3
41561 | 3
41805 | 2
43615 | 3
40174 | 3
42366 | 3
41153 | 3
41825 | 2
41867 | 3
41454 | 2
41841 | 2
41734 | 3
41907 | 3
41814 | 3
41714 | 2
41800 | 2
41766 | 2
41856 | 2
41942 | 3
41581 | 2
41819 | 2
41819 | 2
44122 | 2
39779 | 3
41681 | 2
42705 | 2
40848 | 2
41795 | 3
41621 | 3
41787 | 2
41729 | 2
41795 | 3
41800 | 3
41853 | 2
41699 | 2
41820 | 3
41774 | 2
41890 | 2
41805 | 3
41620 | 2
41856 | 3
41810 | 2
41787 | 2
41993 | 2
41858 | 2
42292 | 2
41543 | 2
42508 | 2
41026 | 2
41930 | 3
41542 | 2
42214 | 3
41330 | 2
41989 | 2
41447 | 3
41746 | 2
41834 | 2
42415 | 2
41115 | 2
42416 | 3
41652 | 2
41329 | 3
41774 | 2
41787 | 2
41776 | 2
41699 | 3
41962 | 2
41727 | 2
42078 | 2
41788 | 2
41816 | 2
44110 | 2
39597 | 3
41974 | 2
41634 | 2
41458 | 2
41668 | 2
41781 | 2
41863 | 2
42100 | 2
41623 | 3
41605 | 2
41772 | 2
41795 | 2
45350 | 2
38296 | 2
41814 | 2
41968 | 2
41739 | 2
41821 | 2
41875 | 2
41723 | 3
41770 | 2
41816 | 2
41803 | 2
41746 | 2
41867 | 2
41478 | 3
42096 | 2
41553 | 2
41729 | 3
42474 | 2
41113 | 3
42266 | 3
41729 | 2
41359 | 2
41845 | 2
42359 | 3
41211 | 2
41844 | 24
41696 | 2
41788 | 2
41767 | 2
42367 | 2
42499 | 2
40983 | 2
41591 | 2
41874 | 3
42543 | 2
41362 | 3
46529 | 2
38109 | 2
40394 | 2
42574 | 2
40821 | 2
42388 | 2
41258 | 2
41846 | 3
42255 | 2
41322 | 3
42557 | 2
41069 | 2
41705 | 2
42259 | 3
41677 | 2
41416 | 2
42111 | 2
41415 | 2
42322 | 2
42300 | 2
41164 | 2
41732 | 3
41294 | 2
42442 | 3
41245 | 2
42607 | 2
40946 | 2
42133 | 2
41678 | 2
41432 | 3
42629 | 3
41386 | 2
41284 | 3
42293 | 2
41512 | 2
42470 | 3
41330 | 2
41905 | 3
42032 | 3
42374 | 3
40769 | 3
42517 | 3
41096 | 3
42217 | 2
41720 | 2
41567 | 3
41501 | 2
42268 | 3
41609 | 2
43713 | 2
39949 | 2
41632 | 2
41733 | 2
41779 | 3
41390 | 2
42340 | 3
41640 | 2
43833 | 3
39797 | 2
41390 | 2
42407 | 3
41387 | 3
41803 | 2
41803 | 2
42449 | 2
41125 | 2
42339 | 2
41238 | 3
41865 | 2
41694 | 2
41595 | 2
41840 | 2
41732 | 2
41784 | 2
41790 | 2
41785 | 2
42229 | 3
41316 | 2
41736 | 2
43509 | 2
40172 | 3
41805 | 3
41734 | 2
41805 | 3
41965 | 2
41836 | 2
41879 | 2
41731 | 2
42254 | 2
41323 | 2
42356 | 2
41226 | 2
41954 | 3
41745 | 2
41459 | 3
41824 | 3
41732 | 2
41798 | 3
44228 | 2
39449 | 2
41738 | 2
41803 | 2
41779 | 2
41806 | 3
41768 | 3
41799 | 2
44327 | 2
39313 | 2
41736 | 2
41986 | 2
41828 | 2
41767 | 3
41870 | 2
41845 | 2
41402 | 2
41881 | 2
41715 | 2
41754 | 2
42015 | 2
41626 | 2
41817 | 2
41742 | 2
41834 | 2
41934 | 2
41628 | 2
42103 | 2
41482 | 2
41752 | 3
42856 | 2
41597 | 3
41170 | 3
41788 | 2
41782 | 2
41880 | 3
41904 | 2
41695 | 2
41859 | 2
41684 | 3
41419 | 2
42001 | 2
41696 | 3
41782 | 2
41851 | 2
41754 | 2
41848 | 2
41810 | 3
41703 | 2
44062 | 3
39532 | 3
41768 | 2
41801 | 2
41776 | 3
41865 | 3
42006 | 2
41819 | 3
41876 | 2
41737 | 2
41714 | 3
41431 | 2
41765 | 2
42546 | 2
41151 | 3
42359 | 3
41715 | 2
41690 | 2
43113 | 3
40043 | 2
42133 | 2
42078 | 2
41190 | 3
41791 | 2
41807 | 2
41785 | 2
42088 | 2
42080 | 2
41509 | 3
41960 | 2
41984 | 2
41057 | 2
41720 | 2
41933 | 2
41790 | 2
45705 | 2
37879 | 2
41853 | 2
41716 | 3
41807 | 2
41743 | 2
41832 | 2
41776 | 2
41816 | 2
41818 | 2
41825 | 2
42021 | 2
41810 | 2
41783 | 2
44169 | 2
39202 | 2
41598 | 3
41902 | 3
42348 | 2
41236 | 2
41840 | 3
41737 | 2
43021 | 2
40539 | 2
41796 | 2
41831 | 3
41825 | 2
42190 | 2
41326 | 2
41819 | 2
42029 | 3
41951 | 2
41665 | 3
41803 | 2
41761 | 2
41766 | 2
41768 | 2
41770 | 2
41901 | 2
41669 | 3
41574 | 3
42170 | 3
41412 | 2
41799 | 2
41796 | 2
41783 | 2
41920 | 2
41604 | 3
41848 | 2
43776 | 2
39806 | 3
41768 | 3
41856 | 2
41748 | 2
41809 | 2
42054 | 2
41757 | 3
41894 | 2
41665 | 2
41830 | 2
41531 | 2
41794 | 2
41923 | 2
44284 | 4
39201 | 3
41686 | 2
41853 | 3
41845 | 2
41736 | 3
41783 | 2
41856 | 3
43713 | 3
39780 | 2
42267 | 3
41988 | 3
41435 | 2
41710 | 2
42302 | 2
41371 | 2
41842 | 3
41443 | 2
41786 | 3
41800 | 3
41861 | 2
41702 | 2
41865 | 3
41807 | 2
41729 | 2
41891 | 3
42267 | 3
41825 | 2
41460 | 2
41872 | 2
41804 | 3
41715 | 2
41774 | 2
41741 | 2
41737 | 2
41792 | 2
41853 | 3
41770 | 3
41842 | 2
41717 | 2
41810 | 2
41596 | 3
41691 | 4
41859 | 3
41820 | 2
41759 | 2
41911 | 3
41635 | 3
41819 | 3
44371 | 2
39151 | 2
42221 | 2
41743 | 3
41717 | 2
41867 | 3
41454 | 2
41836 | 3
42293 | 2
41278 | 3
41790 | 2
41766 | 2
41818 | 3
42843 | 2
40719 | 2
41821 | 2
41746 | 3
41804 | 3
41840 | 2
41730 | 3
41794 | 2
42201 | 3
41628 | 3
41878 | 3
41780 | 2
41699 | 2
41590 | 2
42196 | 2
41362 | 3
41922 | 3
41675 | 3
41805 | 3
41760 | 2
41711 | 2
41878 | 2
42629 | 2
40961 | 2
41834 | 2
41704 | 3
41896 | 2
41676 | 3
42292 | 2
41588 | 3
41834 | 2
41782 | 3
41808 | 2
41737 | 2
41782 | 2
41762 | 3
44405 | 2
39365 | 2
41370 | 2
41784 | 2
41985 | 2
41839 | 3
41824 | 2
41738 | 2
42317 | 2
41292 | 3
41762 | 2
41936 | 3
41733 | 2
41795 | 2
41778 | 3
41766 | 2
41782 | 2
41828 | 2
41717 | 2
41798 | 2
41842 | 2
41768 | 2
41761 | 2
41760 | 2
41826 | 2
41802 | 3
41777 | 2
42727 | 2
40693 | 2
42307 | 3
41206 | 3
41797 | 3
41901 | 3
41601 | 2
41863 | 3
43332 | 2
40220 | 2
41823 | 2
41812 | 2
41790 | 3
41715 | 3
42049 | 2
41827 | 2
41845 | 2
41852 | 3
41688 | 2
41767 | 2
42198 | 2
41747 | 2
48440 | 2
34769 | 3
41903 | 2
41831 | 3
41700 | 2
41814 | 3
41446 | 3
41891 | 3
41626 | 3
41911 | 2
41783 | 2
41986 | 2
41839 | 2
41808 | 4
41748 | 3
41929 | 3
41661 | 2
42270 | 2
41319 | 2
41836 | 2
41748 | 3
41779 | 2
41732 | 2
41927 | 3
41775 | 3
41916 | 3
41692 | 2
42090 | 3
41394 | 2
42642 | 2
40713 | 3
41830 | 2
41775 | 3
41803 | 2
42215 | 2
42452 | 3
40707 | 2
41749 | 2
41846 | 3
41736 | 2
42364 | 2
41647 | 2
41668 | 3
41802 | 2
41800 | 2
41768 | 2
41617 | 3
41578 | 2
41890 | 2
44378 | 2
39204 | 2
41790 | 2
41839 | 2
41738 | 3
41802 | 2
41763 | 3
41924 | 2
41864 | 3
41597 | 2
41776 | 3
41997 | 2
41814 | 2
41938 | 2
41741 | 3
41805 | 2
41670 | 2
41921 | 2
41666 | 3
41733 | 3
41804 | 3
41779 | 2
41760 | 3
41815 | 2
41859 | 2
41667 | 2
41864 | 2
42340 | 3
41284 | 2
41783 | 2
41820 | 3
41952 | 3
41782 | 2
41762 | 2
41868 | 2
42218 | 3
40975 | 2
41927 | 2
41863 | 2
41820 | 2
45415 | 2
38039 | 2
41804 | 3
41773 | 2
41885 | 2
41652 | 3
42225 | 2
41421 | 2
41796 | 2
44419 | 2
39229 | 2
41950 | 2
41818 | 2
41753 | 2
41871 | 3
41441 | 2
42277 | 3
41896 | 2
41279 | 2
41745 | 2
41821 | 2
41763 | 2
43035 | 3
40551 | 2
42467 | 2
41143 | 3
41834 | 3
41703 | 3
42394 | 3
41675 | 2
41948 | 2
46100 | 2
37067 | 2
43223 | 2
40895 | 2
41738 | 2
41808 | 2
41304 | 2
41808 | 2
41772 | 2
42448 | 2
41248 | 2
41798 | 2
41658 | 2
42302 | 2
40980 | 3
42359 | 2
41369 | 2
41826 | 2
46103 | 2
37374 | 2
42163 | 3
41559 | 5
41692 | 2
41763 | 3
41754 | 3
42488 | 2
41173 | 2
44344 | 2
39210 | 3
42056 | 2
42087 | 3
41530 | 2
41743 | 3
41560 | 2
41676 | 2
42108 | 3
41402 | 2
42158 | 2
41436 | 2
42311 | 2
43071 | 3
40009 | 2
42252 | 3
41871 | 3
41197 | 2
42044 | 3
42105 | 3
41408 | 2
41828 | 3
42173 | 2
41441 | 3
41843 | 3
41754 | 3
41515 | 3
42201 | 2
41362 | 2
41825 | 3
41872 | 3
41740 | 2
42325 | 3
41145 | 2
43934 | 3
39680 | 3
41926 | 2
41717 | 2
41748 | 2
41834 | 2
41909 | 3
41972 | 2
41659 | 2
41816 | 2
41836 | 3
41747 | 2
42023 | 2
41370 | 2
41845 | 2
44441 | 2
39042 | 2
41784 | 3
41768 | 2
41738 | 3
41929 | 2
41736 | 3
41893 | 3
41778 | 2
41715 | 2
41791 | 2
41919 | 3
41915 | 2
42501 | 3
41076 | 2
41954 | 2
41410 | 2
41767 | 2
41818 | 2
41734 | 3
41751 | 2
41902 | 3
41775 | 2
41873 | 2
41744 | 3
41728 | 2
41801 | 2
42239 | 3
41343 | 2
41846 | 2
41736 | 3
42116 | 3
41767 | 2
41750 | 2
41877 | 3
41762 | 2
41396 | 2
41908 | 3
41756 | 2
41816 | 2
42771 | 2
40779 | 2
41804 | 2
41764 | 2
41879 | 3
41749 | 2
41816 | 3
41765 | 2
41757 | 2
44424 | 2
39180 | 2
41744 | 3
41811 | 2
42029 | 2
43791 | 3
39982 | 3
41592 | 2
41773 | 2
41588 | 3
41790 | 2
41975 | 2
41611 | 2
41936 | 4
41679 | 3
41803 | 3
41786 | 3
41799 | 2
43391 | 3
40115 | 3
41979 | 2
41534 | 2
41930 | 2
42360 | 3
41745 | 2
41513 | 2
41792 | 2
42754 | 2
41474 | 3
40843 | 2
42259 | 3
42312 | 2
40997 | 3
41548 | 2
41822 | 2
41788 | 2
41850 | 3
41697 | 2
41876 | 3
41960 | 2
42995 | 3
40409 | 2
41726 | 2
42071 | 2
42235 | 2
41299 | 2
42257 | 3
41345 | 2
41651 | 2
44685 | 2
38784 | 3
41904 | 2
41775 | 3
43137 | 2
41103 | 2
41078 | 3
41925 | 3
41836 | 2
41632 | 2
42205 | 2
41429 | 3
42480 | 3
40987 | 2
42089 | 2
41843 | 2
41693 | 2
41885 | 2
41749 | 2
41581 | 3
41745 | 2
41751 | 3
41715 | 2
43083 | 3
40610 | 2
41814 | 3
41783 | 2
42300 | 2
41258 | 2
41758 | 2
41825 | 3
41812 | 2
41784 | 3
41743 | 2
42118 | 2
41868 | 3
41799 | 2
41717 | 2
41903 | 2
41943 | 2
41669 | 2
41424 | 3
41746 | 2
41829 | 2
41736 | 2
42551 | 2
41058 | 3
41817 | 3
41721 | 2
44387 | 2
39193 | 2
41803 | 2
42030 | 2
41838 | 2
41821 | 2
41713 | 2
42220 | 2
41861 | 2
41047 | 3
41864 | 2
44594 | 2
38893 | 2
41827 | 3
41816 | 3
41798 | 2
41756 | 3
41804 | 3
42307 | 2
41242 | 2
41801 | 2
41786 | 3
41771 | 2
41725 | 3
42163 | 2
41737 | 3
41823 | 2
42437 | 3
41099 | 2
41762 | 3
41630 | 3
41786 | 2
41795 | 3
41737 | 3
41935 | 2
41679 | 2
41776 | 3
41798 | 2
41819 | 3
41733 | 2
42577 | 2
41062 | 2
41735 | 2
42017 | 2
41859 | 3
41740 | 2
41826 | 2
41788 | 3
41556 | 2
44608 | 2
38986 | 3
41790 | 3
41769 | 3
41796 | 2
41777 | 2
41957 | 2
41588 | 2
41911 | 2
41749 | 3
41775 | 2
41765 | 2
41842 | 3
41758 | 2
42059 | 2
41782 | 2
41768 | 2
41776 | 3
42348 | 2
41238 | 2
41872 | 2
41873 | 3
41726 | 2
41769 | 3
41426 | 2
41861 | 2
41809 | 2
42315 | 3
41254 | 2
41781 | 3
41838 | 2
41761 | 2
41785 | 3
41768 | 2
41788 | 2
41823 | 3
41780 | 2
41858 | 2
41792 | 3
42025 | 2
42389 | 2
41098 | 2
41794 | 3
41647 | 2
41731 | 2
41804 | 2
41772 | 2
41781 | 2
41811 | 2
44502 | 2
39072 | 2
41801 | 2
41860 | 2
41726 | 2
41865 | 3
41689 | 2
41863 | 2
41676 | 2
42082 | 3
41809 | 2
41755 | 2
41895 | 2
41696 | 2
41543 | 2
41859 | 2
41718 | 3
41813 | 2
43651 | 2
39928 | 2
41882 | 2
41698 | 2
41734 | 2
41898 | 2
41726 | 2
41734 | 2
41881 | 2
42376 | 2
41291 | 2
41890 | 3
41831 | 2
41865 | 3
41723 | 2
41806 | 2
41521 | 2
41805 | 2
42355 | 2
41230 | 3
41751 | 3
41803 | 2
41804 | 2
41917 | 2
41602 | 3
41864 | 2
41901 | 2
44184 | 3
39288 | 2
41817 | 2
41760 | 3
44557 | 3
39009 | 2
42019 | 2
41874 | 2
41682 | 2
41915 | 2
41798 | 2
41552 | 3
41739 | 3
41729 | 2
41750 | 3
41965 | 2
41723 | 2
41881 | 2
41689 | 2
41802 | 3
41770 | 2
41788 | 2
42883 | 3
40813 | 2
41679 | 3
41987 | 2
41712 | 2
41960 | 2
41839 | 2
41730 | 2
41448 | 2
42536 | 3
41122 | 2
41865 | 2
41730 | 3
41781 | 2
41776 | 2
41794 | 2
41773 | 2
41874 | 2
41965 | 3
41787 | 2
41875 | 2
41790 | 2
41765 | 2
41808 | 2
41811 | 2
41690 | 2
41813 | 2
41985 | 2
41355 | 2
41802 | 3
41792 | 3
44589 | 2
40450 | 3
40249 | 3
41869 | 2
41994 | 3
41818 | 3
41889 | 2
41780 | 2
41761 | 2
41534 | 3
41703 | 2
41783 | 2
42067 | 2
41578 | 2
41804 | 2
41811 | 2
41762 | 3
41874 | 2
41687 | 2
41817 | 2
41757 | 2
41814 | 2
41757 | 2
43220 | 2
40697 | 2
41839 | 2
41622 | 3
47075 | 2
36540 | 2
41579 | 2
41801 | 3
41775 | 2
42902 | 2
40710 | 2
41744 | 2
41828 | 2
41782 | 2
41768 | 2
41861 | 2
41746 | 2
41763 | 2
41845 | 3
41743 | 2
42181 | 2
41657 | 2
42635 | 2
40914 | 3
41811 | 3
41601 | 2
42826 | 2
40714 | 3
41745 | 2
41834 | 2
41804 | 2
45167 | 2
38414 | 2
41863 | 2
41813 | 2
41690 | 2
41646 | 2
41760 | 2
41781 | 2
42583 | 2
42019 | 2
41059 | 2
41735 | 2
41755 | 2
41795 | 3
41783 | 2
41648 | 2
41748 | 2
41784 | 3
45562 | 2
38088 | 2
41745 | 3
41815 | 2
42415 | 3
41125 | 2
41773 | 2
41811 | 3
41809 | 3
41835 | 3
41648 | 2
41864 | 2
41811 | 2
41985 | 2
41779 | 2
41786 | 2
41778 | 3
41876 | 2
41518 | 2
41726 | 2
41861 | 2
41845 | 2
43799 | 2
39725 | 2
41782 | 3
41857 | 2
44441 | 3
39404 | 2
41482 | 2
41801 | 2
41788 | 3
41794 | 2
41768 | 3
42076 | 3
41816 | 2
41687 | 2
41809 | 3
41751 | 2
41618 | 2
41818 | 3
41756 | 2
41870 | 3
41691 | 3
41815 | 2
41748 | 2
42063 | 3
41571 | 3
41813 | 2
41702 | 2
42057 | 3
41663 | 2
41716 | 2
42002 | 2
42430 | 2
41093 | 2
41867 | 3
41757 | 2
41664 | 2
41737 | 2
41712 | 3
41913 | 2
41724 | 3
41792 | 2
41797 | 3
41755 | 2
41869 | 2
41946 | 2
41796 | 2
41784 | 2
41794 | 2
467428 | 3
549 | 2
618 | 3
630 | 2
569 | 2
567 | 2
628 | 2
750 | 2
654 | 2
563 | 3
630 | 2
28096 | 2
41954 | 2
41925 | 2
41739 | 2
41743 | 2
41854 | 2
41740 | 3
41764 | 2
41883 | 2
41791 | 2
41459 | 2
41883 | 2
41715 | 2
41782 | 3
41835 | 2
41737 | 2
41975 | 2
42544 | 3
41080 | 2
41878 | 2
41731 | 2
42407 | 3
41173 | 2
41468 | 2
41973 | 2
41746 | 3
41758 | 2
41723 | 2
41884 | 2
41764 | 2
41746 | 2
41765 | 2
41963 | 2
41720 | 3
41761 | 3
41760 | 2
41813 | 2
41963 | 2
41960 | 2
42593 | 3
40947 | 2
41781 | 2
41572 | 2
42779 | 3
40728 | 2
41779 | 2
41791 | 2
41869 | 2
41845 | 3
41666 | 2
41840 | 2
41956 | 3
41892 | 3
41741 | 2
41759 | 2
41817 | 2
41854 | 3
41710 | 2
41855 | 2
41744 | 2
41812 | 3
41514 | 3
41785 | 2
41798 | 3
41973 | 2
41613 | 2
43356 | 3
40446 | 2
41874 | 3
41773 | 2
42413 | 3
41112 | 2
41595 | 3
41674 | 3
41935 | 2
41762 | 2
41803 | 2
41759 | 2
41785 | 2
41832 | 2
41768 | 2
41694 | 2
41853 | 2
41783 | 3
41830 | 2
41739 | 2
41816 | 3
42082 | 3
42413 | 2
41113 | 2
41860 | 2
41478 | 3
44619 | 2
45055 | 2
35706 | 2
41899 | 2
41739 | 2
41816 | 2
41651 | 2
41858 | 3
41893 | 2
41691 | 2
41797 | 3
41770 | 3
41840 | 2
41833 | 2
41632 | 3
41892 | 2
41770 | 2
42005 | 2
41920 | 2
41793 | 3
41683 | 3
41798 | 2
41744 | 2
42234 | 2
41443 | 2
41734 | 2
41572 | 3
42555 | 2
40995 | 2
41975 | 3
41611 | 3
41712 | 2
41958 | 3
41678 | 2
41849 | 2
41832 | 2
41725 | 3
41790 | 2
41777 | 2
41856 | 2
41761 | 3
42053 | 2
41742 | 3
41834 | 2
41796 | 2
41762 | 2
41528 | 3
41865 | 2
41735 | 2
44730 | 2
39685 | 2
41021 | 2
41711 | 3
41808 | 2
41787 | 3
41897 | 2
41714 | 2
41774 | 2
41834 | 2
41773 | 2
41759 | 2
42145 | 3
41649 | 2
41844 | 2
41765 | 2
41816 | 2
41606 | 3
41798 | 2
41594 | 3
41921 | 2
41782 | 2
41788 | 3
42851 | 2
40647 | 2
41846 | 2
41898 | 2
42509 | 2
42290 | 2
40478 | 2
41809 | 2
41967 | 2
41863 | 2
41759 | 3
41891 | 2
41713 | 2
41530 | 2
41783 | 2
41810 | 2
41790 | 2
41842 | 2
41749 | 2
41825 | 2
41858 | 2
41710 | 2
41781 | 2
41789 | 3
41744 | 2
41900 | 3
44510 | 2
40217 | 2
40857 | 3
41717 | 2
41873 | 2
41889 | 2
41607 | 2
41824 | 2
41785 | 2
41788 | 27
41825 | 2
41775 | 2
41814 | 2
41805 | 2
41707 | 2
41851 | 2
41465 | 3
42146 | 3
42031 | 2
41314 | 3
42349 | 2
41156 | 2
41790 | 2
42058 | 2
41513 | 2
41724 | 2
42216 | 2
43215 | 3
42401 | 2
39479 | 3
41719 | 2
42066 | 3
41983 | 3
41677 | 3
41729 | 2
41787 | 3
41926 | 3
41422 | 2
41747 | 2
41948 | 2
41621 | 2
41875 | 2
41686 | 2
41807 | 3
41824 | 3
41766 | 2
41814 | 2
41816 | 2
41735 | 3
45270 | 2
40316 | 2
40002 | 2
41864 | 3
41863 | 2
41888 | 2
42202 | 2
42117 | 3
41310 | 3
42384 | 2
41603 | 2
42156 | 2
41131 | 2
41350 | 2
41709 | 2
41743 | 3
41780 | 3
41800 | 3
41791 | 2
41845 | 3
41734 | 2
42009 | 2
41618 | 3
41742 | 2
41819 | 2
41817 | 2
41431 | 2
42588 | 2
40981 | 2
41893 | 3
41786 | 2
