1110000000000000
1110000000000001
1110000000000010
1110000000000011
1110000000000100
1110000000000101
1110000000000110
1110000000000111
1110000000001000
1110000000001001
1110000000001010
1110000000001011
1110000000001100
1110000000001101
1110000000001110
1110000000001111
1110000000010000
1110000000010001
1110000000010010
1110000000010011
1110000000010100
1110000000010101
1110000000010110
1110000000010111
1110000000011000
1110000000011001
1110000000011010
1110000000011011
1110000000011100
1110000000011101
1110000000011110
1110000000011111
1110000000100000
1110000000100001
1110000000100010
1110000000100011
1110000000100100
1110000000100101
1110000000100110
1110000000100111
1110000000101000
1110000000101001
1110000000101010
1110000000101011
1110000000101100
1110000000101101
1110000000101110
1110000000101111
1110000000110000
1110000000110001
1110000000110010
1110000000110011
1110000000110100
1110000000110101
1110000000110110
1110000000110111
1110000000111000
1110000000111001
1110000000111010
1110000000111011
1110000000111100
1110000000111101
1110000000111110
1110000000111111
1110000001000000
1110000001000001
1110000001000010
1110000001000011
1110000001000100
1110000001000101
1110000001000110
1110000001000111
1110000001001000
1110000001001001
1110000001001010
1110000001001011
1110000001001100
1110000001001101
1110000001001110
1110000001001111
1110000001010000
1110000001010001
1110000001010010
1110000001010011
1110000001010100
1110000001010101
1110000001010110
1110000001010111
1110000001011000
1110000001011001
1110000001011010
1110000001011011
1110000001011100
1110000001011101
1110000001011110
1110000001011111
1110000001100000
1110000001100001
1110000001100010
1110000001100011
1110000001100100
1110000001100101
1110000001100110
1110000001100111
1110000001101000
1110000001101001
1110000001101010
1110000001101011
1110000001101100
1110000001101101
1110000001101110
1110000001101111
1110000001110000
1110000001110001
1110000001110010
1110000001110011
1110000001110100
1110000001110101
1110000001110110
1110000001110111
1110000001111000
1110000001111001
1110000001111010
1110000001111011
1110000001111100
1110000001111101
1110000001111110
1110000001111111
1110000010000000
1110000010000001
1110000010000010
1110000010000011
1110000010000100
1110000010000101
1110000010000110
1110000010000111
1110000010001000
1110000010001001
1110000010001010
1110000010001011
1110000010001100
1110000010001101
1110000010001110
1110000010001111
1110000010010000
1110000010010001
1110000010010010
1110000010010011
1110000010010100
1110000010010101
1110000010010110
1110000010010111
1110000010011000
1110000010011001
1110000010011010
1110000010011011
1110000010011100
1110000010011101
1110000010011110
1110000010011111
1110000010100000
1110000010100001
1110000010100010
1110000010100011
1110000010100100
1110000010100101
1110000010100110
1110000010100111
1110000010101000
1110000010101001
1110000010101010
1110000010101011
1110000010101100
1110000010101101
1110000010101110
1110000010101111
1110000010110000
1110000010110001
1110000010110010
1110000010110011
1110000010110100
1110000010110101
1110000010110110
1110000010110111
1110000010111000
1110000010111001
1110000010111010
1110000010111011
1110000010111100
1110000010111101
1110000010111110
1110000010111111
1110000011000000
1110000011000001
1110000011000010
1110000011000011
1110000011000100
1110000011000101
1110000011000110
1110000011000111
1110000011001000
1110000011001001
1110000011001010
1110000011001011
1110000011001100
1110000011001101
1110000011001110
1110000011001111
1110000011010000
1110000011010001
1110000011010010
1110000011010011
1110000011010100
1110000011010101
1110000011010110
1110000011010111
1110000011011000
1110000011011001
1110000011011010
1110000011011011
1110000011011100
1110000011011101
1110000011011110
1110000011011111
1110000011100000
1110000011100001
1110000011100010
1110000011100011
1110000011100100
1110000011100101
1110000011100110
1110000011100111
1110000011101000
1110000011101001
1110000011101010
1110000011101011
1110000011101100
1110000011101101
1110000011101110
1110000011101111
1110000011110000
1110000011110001
1110000011110010
1110000011110011
1110000011110100
1110000011110101
1110000011110110
1110000011110111
1110000011111000
1110000011111001
1110000011111010
1110000011111011
1110000011111100
1110000011111101
1110000011111110
1110000011111111
1110000100000000
1110000100000001
1110000100000010
1110000100000011
1110000100000100
1110000100000101
1110000100000110
1110000100000111
1110000100001000
1110000100001001
1110000100001010
1110000100001011
1110000100001100
1110000100001101
1110000100001110
1110000100001111
1110000100010000
1110000100010001
1110000100010010
1110000100010011
1110000100010100
1110000100010101
1110000100010110
1110000100010111
1110000100011000
1110000100011001
1110000100011010
1110000100011011
1110000100011100
1110000100011101
1110000100011110
1110000100011111
1110000100100000
1110000100100001
1110000100100010
1110000100100011
1110000100100100
1110000100100101
1110000100100110
1110000100100111
1110000100101000
1110000100101001
1110000100101010
1110000100101011
1110000100101100
1110000100101101
1110000100101110
1110000100101111
1110000100110000
1110000100110001
1110000100110010
1110000100110011
1110000100110100
1110000100110101
1110000100110110
1110000100110111
1110000100111000
1110000100111001
1110000100111010
1110000100111011
1110000100111100
1110000100111101
1110000100111110
1110000100111111
1110000101000000
1110000101000001
1110000101000010
1110000101000011
1110000101000100
1110000101000101
1110000101000110
1110000101000111
1110000101001000
1110000101001001
1110000101001010
1110000101001011
1110000101001100
1110000101001101
1110000101001110
1110000101001111
1110000101010000
1110000101010001
1110000101010010
1110000101010011
1110000101010100
1110000101010101
1110000101010110
1110000101010111
1110000101011000
1110000101011001
1110000101011010
1110000101011011
1110000101011100
1110000101011101
1110000101011110
1110000101011111
1110000101100000
1110000101100001
1110000101100010
1110000101100011
1110000101100100
1110000101100101
1110000101100110
1110000101100111
1110000101101000
1110000101101001
1110000101101010
1110000101101011
1110000101101100
1110000101101101
1110000101101110
1110000101101111
1110000101110000
1110000101110001
1110000101110010
1110000101110011
1110000101110100
1110000101110101
1110000101110110
1110000101110111
1110000101111000
1110000101111001
1110000101111010
1110000101111011
1110000101111100
1110000101111101
1110000101111110
1110000101111111
1110000110000000
1110000110000001
1110000110000010
1110000110000011
1110000110000100
1110000110000101
1110000110000110
1110000110000111
1110000110001000
1110000110001001
1110000110001010
1110000110001011
1110000110001100
1110000110001101
1110000110001110
1110000110001111
1110000110010000
1110000110010001
1110000110010010
1110000110010011
1110000110010100
1110000110010101
1110000110010110
1110000110010111
1110000110011000
1110000110011001
1110000110011010
1110000110011011
1110000110011100
1110000110011101
1110000110011110
1110000110011111
1110000110100000
1110000110100001
1110000110100010
1110000110100011
1110000110100100
1110000110100101
1110000110100110
1110000110100111
1110000110101000
1110000110101001
1110000110101010
1110000110101011
1110000110101100
1110000110101101
1110000110101110
1110000110101111
1110000110110000
1110000110110001
1110000110110010
1110000110110011
1110000110110100
1110000110110101
1110000110110110
1110000110110111
1110000110111000
1110000110111001
1110000110111010
1110000110111011
1110000110111100
1110000110111101
1110000110111110
1110000110111111
1110000111000000
1110000111000001
1110000111000010
1110000111000011
1110000111000100
1110000111000101
1110000111000110
1110000111000111
1110000111001000
1110000111001001
1110000111001010
1110000111001011
1110000111001100
1110000111001101
1110000111001110
1110000111001111
1110000111010000
1110000111010001
1110000111010010
1110000111010011
1110000111010100
1110000111010101
1110000111010110
1110000111010111
1110000111011000
1110000111011001
1110000111011010
1110000111011011
1110000111011100
1110000111011101
1110000111011110
1110000111011111
1110000111100000
1110000111100001
1110000111100010
1110000111100011
1110000111100100
1110000111100101
1110000111100110
1110000111100111
1110000111101000
1110000111101001
1110000111101010
1110000111101011
1110000111101100
1110000111101101
1110000111101110
1110000111101111
1110000111110000
1110000111110001
1110000111110010
1110000111110011
1110000111110100
1110000111110101
1110000111110110
1110000111110111
1110000111111000
1110000111111001
1110000111111010
1110000111111011
1110000111111100
1110000111111101
1110000111111110
1110000111111111
1110001000000000
1110001000000001
1110001000000010
1110001000000011
1110001000000100
1110001000000101
1110001000000110
1110001000000111
1110001000001000
1110001000001001
1110001000001010
1110001000001011
1110001000001100
1110001000001101
1110001000001110
1110001000001111
1110001000010000
1110001000010001
1110001000010010
1110001000010011
1110001000010100
1110001000010101
1110001000010110
1110001000010111
1110001000011000
1110001000011001
1110001000011010
1110001000011011
1110001000011100
1110001000011101
1110001000011110
1110001000011111
1110001000100000
1110001000100001
1110001000100010
1110001000100011
1110001000100100
1110001000100101
1110001000100110
1110001000100111
1110001000101000
1110001000101001
1110001000101010
1110001000101011
1110001000101100
1110001000101101
1110001000101110
1110001000101111
1110001000110000
1110001000110001
1110001000110010
1110001000110011
1110001000110100
1110001000110101
1110001000110110
1110001000110111
1110001000111000
1110001000111001
1110001000111010
1110001000111011
1110001000111100
1110001000111101
1110001000111110
1110001000111111
1110001001000000
1110001001000001
1110001001000010
1110001001000011
1110001001000100
1110001001000101
1110001001000110
1110001001000111
1110001001001000
1110001001001001
1110001001001010
1110001001001011
1110001001001100
1110001001001101
1110001001001110
1110001001001111
1110001001010000
1110001001010001
1110001001010010
1110001001010011
1110001001010100
1110001001010101
1110001001010110
1110001001010111
1110001001011000
1110001001011001
1110001001011010
1110001001011011
1110001001011100
1110001001011101
1110001001011110
1110001001011111
1110001001100000
1110001001100001
1110001001100010
1110001001100011
1110001001100100
1110001001100101
1110001001100110
1110001001100111
1110001001101000
1110001001101001
1110001001101010
1110001001101011
1110001001101100
1110001001101101
1110001001101110
1110001001101111
1110001001110000
1110001001110001
1110001001110010
1110001001110011
1110001001110100
1110001001110101
1110001001110110
1110001001110111
1110001001111000
1110001001111001
1110001001111010
1110001001111011
1110001001111100
1110001001111101
1110001001111110
1110001001111111
1110001010000000
1110001010000001
1110001010000010
1110001010000011
1110001010000100
1110001010000101
1110001010000110
1110001010000111
1110001010001000
1110001010001001
1110001010001010
1110001010001011
1110001010001100
1110001010001101
1110001010001110
1110001010001111
1110001010010000
1110001010010001
1110001010010010
1110001010010011
1110001010010100
1110001010010101
1110001010010110
1110001010010111
1110001010011000
1110001010011001
1110001010011010
1110001010011011
1110001010011100
1110001010011101
1110001010011110
1110001010011111
1110001010100000
1110001010100001
1110001010100010
1110001010100011
1110001010100100
1110001010100101
1110001010100110
1110001010100111
1110001010101000
1110001010101001
1110001010101010
1110001010101011
1110001010101100
1110001010101101
1110001010101110
1110001010101111
1110001010110000
1110001010110001
1110001010110010
1110001010110011
1110001010110100
1110001010110101
1110001010110110
1110001010110111
1110001010111000
1110001010111001
1110001010111010
1110001010111011
1110001010111100
1110001010111101
1110001010111110
1110001010111111
1110001011000000
1110001011000001
1110001011000010
1110001011000011
1110001011000100
1110001011000101
1110001011000110
1110001011000111
1110001011001000
1110001011001001
1110001011001010
1110001011001011
1110001011001100
1110001011001101
1110001011001110
1110001011001111
1110001011010000
1110001011010001
1110001011010010
1110001011010011
1110001011010100
1110001011010101
1110001011010110
1110001011010111
1110001011011000
1110001011011001
1110001011011010
1110001011011011
1110001011011100
1110001011011101
1110001011011110
1110001011011111
1110001011100000
1110001011100001
1110001011100010
1110001011100011
1110001011100100
1110001011100101
1110001011100110
1110001011100111
1110001011101000
1110001011101001
1110001011101010
1110001011101011
1110001011101100
1110001011101101
1110001011101110
1110001011101111
1110001011110000
1110001011110001
1110001011110010
1110001011110011
1110001011110100
1110001011110101
1110001011110110
1110001011110111
1110001011111000
1110001011111001
1110001011111010
1110001011111011
1110001011111100
1110001011111101
1110001011111110
1110001011111111
1110001100000000
1110001100000001
1110001100000010
1110001100000011
1110001100000100
1110001100000101
1110001100000110
1110001100000111
1110001100001000
1110001100001001
1110001100001010
1110001100001011
1110001100001100
1110001100001101
1110001100001110
1110001100001111
1110001100010000
1110001100010001
1110001100010010
1110001100010011
1110001100010100
1110001100010101
1110001100010110
1110001100010111
1110001100011000
1110001100011001
1110001100011010
1110001100011011
1110001100011100
1110001100011101
1110001100011110
1110001100011111
1110001100100000
1110001100100001
1110001100100010
1110001100100011
1110001100100100
1110001100100101
1110001100100110
1110001100100111
1110001100101000
1110001100101001
1110001100101010
1110001100101011
1110001100101100
1110001100101101
1110001100101110
1110001100101111
1110001100110000
1110001100110001
1110001100110010
1110001100110011
1110001100110100
1110001100110101
1110001100110110
1110001100110111
1110001100111000
1110001100111001
1110001100111010
1110001100111011
1110001100111100
1110001100111101
1110001100111110
1110001100111111
1110001101000000
1110001101000001
1110001101000010
1110001101000011
1110001101000100
1110001101000101
1110001101000110
1110001101000111
1110001101001000
1110001101001001
1110001101001010
1110001101001011
1110001101001100
1110001101001101
1110001101001110
1110001101001111
1110001101010000
1110001101010001
1110001101010010
1110001101010011
1110001101010100
1110001101010101
1110001101010110
1110001101010111
1110001101011000
1110001101011001
1110001101011010
1110001101011011
1110001101011100
1110001101011101
1110001101011110
1110001101011111
1110001101100000
1110001101100001
1110001101100010
1110001101100011
1110001101100100
1110001101100101
1110001101100110
1110001101100111
1110001101101000
1110001101101001
1110001101101010
1110001101101011
1110001101101100
1110001101101101
1110001101101110
1110001101101111
1110001101110000
1110001101110001
1110001101110010
1110001101110011
1110001101110100
1110001101110101
1110001101110110
1110001101110111
1110001101111000
1110001101111001
1110001101111010
1110001101111011
1110001101111100
1110001101111101
1110001101111110
1110001101111111
1110001110000000
1110001110000001
1110001110000010
1110001110000011
1110001110000100
1110001110000101
1110001110000110
1110001110000111
1110001110001000
1110001110001001
1110001110001010
1110001110001011
1110001110001100
1110001110001101
1110001110001110
1110001110001111
1110001110010000
1110001110010001
1110001110010010
1110001110010011
1110001110010100
1110001110010101
1110001110010110
1110001110010111
1110001110011000
1110001110011001
1110001110011010
1110001110011011
1110001110011100
1110001110011101
1110001110011110
1110001110011111
1110001110100000
1110001110100001
1110001110100010
1110001110100011
1110001110100100
1110001110100101
1110001110100110
1110001110100111
1110001110101000
1110001110101001
1110001110101010
1110001110101011
1110001110101100
1110001110101101
1110001110101110
1110001110101111
1110001110110000
1110001110110001
1110001110110010
1110001110110011
1110001110110100
1110001110110101
1110001110110110
1110001110110111
1110001110111000
1110001110111001
1110001110111010
1110001110111011
1110001110111100
1110001110111101
1110001110111110
1110001110111111
1110001111000000
1110001111000001
1110001111000010
1110001111000011
1110001111000100
1110001111000101
1110001111000110
1110001111000111
1110001111001000
1110001111001001
1110001111001010
1110001111001011
1110001111001100
1110001111001101
1110001111001110
1110001111001111
1110001111010000
1110001111010001
1110001111010010
1110001111010011
1110001111010100
1110001111010101
1110001111010110
1110001111010111
1110001111011000
1110001111011001
1110001111011010
1110001111011011
1110001111011100
1110001111011101
1110001111011110
1110001111011111
1110001111100000
1110001111100001
1110001111100010
1110001111100011
1110001111100100
1110001111100101
1110001111100110
1110001111100111
1110001111101000
1110001111101001
1110001111101010
1110001111101011
1110001111101100
1110001111101101
1110001111101110
1110001111101111
1110001111110000
1110001111110001
1110001111110010
1110001111110011
1110001111110100
1110001111110101
1110001111110110
1110001111110111
1110001111111000
1110001111111001
1110001111111010
1110001111111011
1110001111111100
1110001111111101
1110001111111110
1110001111111111
1110010000000000
1110010000000001
1110010000000010
1110010000000011
1110010000000100
1110010000000101
1110010000000110
1110010000000111
1110010000001000
1110010000001001
1110010000001010
1110010000001011
1110010000001100
1110010000001101
1110010000001110
1110010000001111
1110010000010000
1110010000010001
1110010000010010
1110010000010011
1110010000010100
1110010000010101
1110010000010110
1110010000010111
1110010000011000
1110010000011001
1110010000011010
1110010000011011
1110010000011100
1110010000011101
1110010000011110
1110010000011111
1110010000100000
1110010000100001
1110010000100010
1110010000100011
1110010000100100
1110010000100101
1110010000100110
1110010000100111
1110010000101000
1110010000101001
1110010000101010
1110010000101011
1110010000101100
1110010000101101
1110010000101110
1110010000101111
1110010000110000
1110010000110001
1110010000110010
1110010000110011
1110010000110100
1110010000110101
1110010000110110
1110010000110111
1110010000111000
1110010000111001
1110010000111010
1110010000111011
1110010000111100
1110010000111101
1110010000111110
1110010000111111
1110010001000000
1110010001000001
1110010001000010
1110010001000011
1110010001000100
1110010001000101
1110010001000110
1110010001000111
1110010001001000
1110010001001001
1110010001001010
1110010001001011
1110010001001100
1110010001001101
1110010001001110
1110010001001111
1110010001010000
1110010001010001
1110010001010010
1110010001010011
1110010001010100
1110010001010101
1110010001010110
1110010001010111
1110010001011000
1110010001011001
1110010001011010
1110010001011011
1110010001011100
1110010001011101
1110010001011110
1110010001011111
1110010001100000
1110010001100001
1110010001100010
1110010001100011
1110010001100100
1110010001100101
1110010001100110
1110010001100111
1110010001101000
1110010001101001
1110010001101010
1110010001101011
1110010001101100
1110010001101101
1110010001101110
1110010001101111
1110010001110000
1110010001110001
1110010001110010
1110010001110011
1110010001110100
1110010001110101
1110010001110110
1110010001110111
1110010001111000
1110010001111001
1110010001111010
1110010001111011
1110010001111100
1110010001111101
1110010001111110
1110010001111111
1110010010000000
1110010010000001
1110010010000010
1110010010000011
1110010010000100
1110010010000101
1110010010000110
1110010010000111
1110010010001000
1110010010001001
1110010010001010
1110010010001011
1110010010001100
1110010010001101
1110010010001110
1110010010001111
1110010010010000
1110010010010001
1110010010010010
1110010010010011
1110010010010100
1110010010010101
1110010010010110
1110010010010111
1110010010011000
1110010010011001
1110010010011010
1110010010011011
1110010010011100
1110010010011101
1110010010011110
1110010010011111
1110010010100000
1110010010100001
1110010010100010
1110010010100011
1110010010100100
1110010010100101
1110010010100110
1110010010100111
1110010010101000
1110010010101001
1110010010101010
1110010010101011
1110010010101100
1110010010101101
1110010010101110
1110010010101111
1110010010110000
1110010010110001
1110010010110010
1110010010110011
1110010010110100
1110010010110101
1110010010110110
1110010010110111
1110010010111000
1110010010111001
1110010010111010
1110010010111011
1110010010111100
1110010010111101
1110010010111110
1110010010111111
1110010011000000
1110010011000001
1110010011000010
1110010011000011
1110010011000100
1110010011000101
1110010011000110
1110010011000111
1110010011001000
1110010011001001
1110010011001010
1110010011001011
1110010011001100
1110010011001101
1110010011001110
1110010011001111
1110010011010000
1110010011010001
1110010011010010
1110010011010011
1110010011010100
1110010011010101
1110010011010110
1110010011010111
1110010011011000
1110010011011001
1110010011011010
1110010011011011
1110010011011100
1110010011011101
1110010011011110
1110010011011111
1110010011100000
1110010011100001
1110010011100010
1110010011100011
1110010011100100
1110010011100101
1110010011100110
1110010011100111
1110010011101000
1110010011101001
1110010011101010
1110010011101011
1110010011101100
1110010011101101
1110010011101110
1110010011101111
1110010011110000
1110010011110001
1110010011110010
1110010011110011
1110010011110100
1110010011110101
1110010011110110
1110010011110111
1110010011111000
1110010011111001
1110010011111010
1110010011111011
1110010011111100
1110010011111101
1110010011111110
1110010011111111
1110010100000000
1110010100000001
1110010100000010
1110010100000011
1110010100000100
1110010100000101
1110010100000110
1110010100000111
1110010100001000
1110010100001001
1110010100001010
1110010100001011
1110010100001100
1110010100001101
1110010100001110
1110010100001111
1110010100010000
1110010100010001
1110010100010010
1110010100010011
1110010100010100
1110010100010101
1110010100010110
1110010100010111
1110010100011000
1110010100011001
1110010100011010
1110010100011011
1110010100011100
1110010100011101
1110010100011110
1110010100011111
1110010100100000
1110010100100001
1110010100100010
1110010100100011
1110010100100100
1110010100100101
1110010100100110
1110010100100111
1110010100101000
1110010100101001
1110010100101010
1110010100101011
1110010100101100
1110010100101101
1110010100101110
1110010100101111
1110010100110000
1110010100110001
1110010100110010
1110010100110011
1110010100110100
1110010100110101
1110010100110110
1110010100110111
1110010100111000
1110010100111001
1110010100111010
1110010100111011
1110010100111100
1110010100111101
1110010100111110
1110010100111111
1110010101000000
1110010101000001
1110010101000010
1110010101000011
1110010101000100
1110010101000101
1110010101000110
1110010101000111
1110010101001000
1110010101001001
1110010101001010
1110010101001011
1110010101001100
1110010101001101
1110010101001110
1110010101001111
1110010101010000
1110010101010001
1110010101010010
1110010101010011
1110010101010100
1110010101010101
1110010101010110
1110010101010111
1110010101011000
1110010101011001
1110010101011010
1110010101011011
1110010101011100
1110010101011101
1110010101011110
1110010101011111
1110010101100000
1110010101100001
1110010101100010
1110010101100011
1110010101100100
1110010101100101
1110010101100110
1110010101100111
1110010101101000
1110010101101001
1110010101101010
1110010101101011
1110010101101100
1110010101101101
1110010101101110
1110010101101111
1110010101110000
1110010101110001
1110010101110010
1110010101110011
1110010101110100
1110010101110101
1110010101110110
1110010101110111
1110010101111000
1110010101111001
1110010101111010
1110010101111011
1110010101111100
1110010101111101
1110010101111110
1110010101111111
1110010110000000
1110010110000001
1110010110000010
1110010110000011
1110010110000100
1110010110000101
1110010110000110
1110010110000111
1110010110001000
1110010110001001
1110010110001010
1110010110001011
1110010110001100
1110010110001101
1110010110001110
1110010110001111
1110010110010000
1110010110010001
1110010110010010
1110010110010011
1110010110010100
1110010110010101
1110010110010110
1110010110010111
1110010110011000
1110010110011001
1110010110011010
1110010110011011
1110010110011100
1110010110011101
1110010110011110
1110010110011111
1110010110100000
1110010110100001
1110010110100010
1110010110100011
1110010110100100
1110010110100101
1110010110100110
1110010110100111
1110010110101000
1110010110101001
1110010110101010
1110010110101011
1110010110101100
1110010110101101
1110010110101110
1110010110101111
1110010110110000
1110010110110001
1110010110110010
1110010110110011
1110010110110100
1110010110110101
1110010110110110
1110010110110111
1110010110111000
1110010110111001
1110010110111010
1110010110111011
1110010110111100
1110010110111101
1110010110111110
1110010110111111
1110010111000000
1110010111000001
1110010111000010
1110010111000011
1110010111000100
1110010111000101
1110010111000110
1110010111000111
1110010111001000
1110010111001001
1110010111001010
1110010111001011
1110010111001100
1110010111001101
1110010111001110
1110010111001111
1110010111010000
1110010111010001
1110010111010010
1110010111010011
1110010111010100
1110010111010101
1110010111010110
1110010111010111
1110010111011000
1110010111011001
1110010111011010
1110010111011011
1110010111011100
1110010111011101
1110010111011110
1110010111011111
1110010111100000
1110010111100001
1110010111100010
1110010111100011
1110010111100100
1110010111100101
1110010111100110
1110010111100111
1110010111101000
1110010111101001
1110010111101010
1110010111101011
1110010111101100
1110010111101101
1110010111101110
1110010111101111
1110010111110000
1110010111110001
1110010111110010
1110010111110011
1110010111110100
1110010111110101
1110010111110110
1110010111110111
1110010111111000
1110010111111001
1110010111111010
1110010111111011
1110010111111100
1110010111111101
1110010111111110
1110010111111111
1110011000000000
1110011000000001
1110011000000010
1110011000000011
1110011000000100
1110011000000101
1110011000000110
1110011000000111
1110011000001000
1110011000001001
1110011000001010
1110011000001011
1110011000001100
1110011000001101
1110011000001110
1110011000001111
1110011000010000
1110011000010001
1110011000010010
1110011000010011
1110011000010100
1110011000010101
1110011000010110
1110011000010111
1110011000011000
1110011000011001
1110011000011010
1110011000011011
1110011000011100
1110011000011101
1110011000011110
1110011000011111
1110011000100000
1110011000100001
1110011000100010
1110011000100011
1110011000100100
1110011000100101
1110011000100110
1110011000100111
1110011000101000
1110011000101001
1110011000101010
1110011000101011
1110011000101100
1110011000101101
1110011000101110
1110011000101111
1110011000110000
1110011000110001
1110011000110010
1110011000110011
1110011000110100
1110011000110101
1110011000110110
1110011000110111
1110011000111000
1110011000111001
1110011000111010
1110011000111011
1110011000111100
1110011000111101
1110011000111110
1110011000111111
1110011001000000
1110011001000001
1110011001000010
1110011001000011
1110011001000100
1110011001000101
1110011001000110
1110011001000111
1110011001001000
1110011001001001
1110011001001010
1110011001001011
1110011001001100
1110011001001101
1110011001001110
1110011001001111
1110011001010000
1110011001010001
1110011001010010
1110011001010011
1110011001010100
1110011001010101
1110011001010110
1110011001010111
1110011001011000
1110011001011001
1110011001011010
1110011001011011
1110011001011100
1110011001011101
1110011001011110
1110011001011111
1110011001100000
1110011001100001
1110011001100010
1110011001100011
1110011001100100
1110011001100101
1110011001100110
1110011001100111
1110011001101000
1110011001101001
1110011001101010
1110011001101011
1110011001101100
1110011001101101
1110011001101110
1110011001101111
1110011001110000
1110011001110001
1110011001110010
1110011001110011
1110011001110100
1110011001110101
1110011001110110
1110011001110111
1110011001111000
1110011001111001
1110011001111010
1110011001111011
1110011001111100
1110011001111101
1110011001111110
1110011001111111
1110011010000000
1110011010000001
1110011010000010
1110011010000011
1110011010000100
1110011010000101
1110011010000110
1110011010000111
1110011010001000
1110011010001001
1110011010001010
1110011010001011
1110011010001100
1110011010001101
1110011010001110
1110011010001111
1110011010010000
1110011010010001
1110011010010010
1110011010010011
1110011010010100
1110011010010101
1110011010010110
1110011010010111
1110011010011000
1110011010011001
1110011010011010
1110011010011011
1110011010011100
1110011010011101
1110011010011110
1110011010011111
1110011010100000
1110011010100001
1110011010100010
1110011010100011
1110011010100100
1110011010100101
1110011010100110
1110011010100111
1110011010101000
1110011010101001
1110011010101010
1110011010101011
1110011010101100
1110011010101101
1110011010101110
1110011010101111
1110011010110000
1110011010110001
1110011010110010
1110011010110011
1110011010110100
1110011010110101
1110011010110110
1110011010110111
1110011010111000
1110011010111001
1110011010111010
1110011010111011
1110011010111100
1110011010111101
1110011010111110
1110011010111111
1110011011000000
1110011011000001
1110011011000010
1110011011000011
1110011011000100
1110011011000101
1110011011000110
1110011011000111
1110011011001000
1110011011001001
1110011011001010
1110011011001011
1110011011001100
1110011011001101
1110011011001110
1110011011001111
1110011011010000
1110011011010001
1110011011010010
1110011011010011
1110011011010100
1110011011010101
1110011011010110
1110011011010111
1110011011011000
1110011011011001
1110011011011010
1110011011011011
1110011011011100
1110011011011101
1110011011011110
1110011011011111
1110011011100000
1110011011100001
1110011011100010
1110011011100011
1110011011100100
1110011011100101
1110011011100110
1110011011100111
1110011011101000
1110011011101001
1110011011101010
1110011011101011
1110011011101100
1110011011101101
1110011011101110
1110011011101111
1110011011110000
1110011011110001
1110011011110010
1110011011110011
1110011011110100
1110011011110101
1110011011110110
1110011011110111
1110011011111000
1110011011111001
1110011011111010
1110011011111011
1110011011111100
1110011011111101
1110011011111110
1110011011111111
1110011100000000
1110011100000001
1110011100000010
1110011100000011
1110011100000100
1110011100000101
1110011100000110
1110011100000111
1110011100001000
1110011100001001
1110011100001010
1110011100001011
1110011100001100
1110011100001101
1110011100001110
1110011100001111
1110011100010000
1110011100010001
1110011100010010
1110011100010011
1110011100010100
1110011100010101
1110011100010110
1110011100010111
1110011100011000
1110011100011001
1110011100011010
1110011100011011
1110011100011100
1110011100011101
1110011100011110
1110011100011111
1110011100100000
1110011100100001
1110011100100010
1110011100100011
1110011100100100
1110011100100101
1110011100100110
1110011100100111
1110011100101000
1110011100101001
1110011100101010
1110011100101011
1110011100101100
1110011100101101
1110011100101110
1110011100101111
1110011100110000
1110011100110001
1110011100110010
1110011100110011
1110011100110100
1110011100110101
1110011100110110
1110011100110111
1110011100111000
1110011100111001
1110011100111010
1110011100111011
1110011100111100
1110011100111101
1110011100111110
1110011100111111
1110011101000000
1110011101000001
1110011101000010
1110011101000011
1110011101000100
1110011101000101
1110011101000110
1110011101000111
1110011101001000
1110011101001001
1110011101001010
1110011101001011
1110011101001100
1110011101001101
1110011101001110
1110011101001111
1110011101010000
1110011101010001
1110011101010010
1110011101010011
1110011101010100
1110011101010101
1110011101010110
1110011101010111
1110011101011000
1110011101011001
1110011101011010
1110011101011011
1110011101011100
1110011101011101
1110011101011110
1110011101011111
1110011101100000
1110011101100001
1110011101100010
1110011101100011
1110011101100100
1110011101100101
1110011101100110
1110011101100111
1110011101101000
1110011101101001
1110011101101010
1110011101101011
1110011101101100
1110011101101101
1110011101101110
1110011101101111
1110011101110000
1110011101110001
1110011101110010
1110011101110011
1110011101110100
1110011101110101
1110011101110110
1110011101110111
1110011101111000
1110011101111001
1110011101111010
1110011101111011
1110011101111100
1110011101111101
1110011101111110
1110011101111111
1110011110000000
1110011110000001
1110011110000010
1110011110000011
1110011110000100
1110011110000101
1110011110000110
1110011110000111
1110011110001000
1110011110001001
1110011110001010
1110011110001011
1110011110001100
1110011110001101
1110011110001110
1110011110001111
1110011110010000
1110011110010001
1110011110010010
1110011110010011
1110011110010100
1110011110010101
1110011110010110
1110011110010111
1110011110011000
1110011110011001
1110011110011010
1110011110011011
1110011110011100
1110011110011101
1110011110011110
1110011110011111
1110011110100000
1110011110100001
1110011110100010
1110011110100011
1110011110100100
1110011110100101
1110011110100110
1110011110100111
1110011110101000
1110011110101001
1110011110101010
1110011110101011
1110011110101100
1110011110101101
1110011110101110
1110011110101111
1110011110110000
1110011110110001
1110011110110010
1110011110110011
1110011110110100
1110011110110101
1110011110110110
1110011110110111
1110011110111000
1110011110111001
1110011110111010
1110011110111011
1110011110111100
1110011110111101
1110011110111110
1110011110111111
1110011111000000
1110011111000001
1110011111000010
1110011111000011
1110011111000100
1110011111000101
1110011111000110
1110011111000111
1110011111001000
1110011111001001
1110011111001010
1110011111001011
1110011111001100
1110011111001101
1110011111001110
1110011111001111
1110011111010000
1110011111010001
1110011111010010
1110011111010011
1110011111010100
1110011111010101
1110011111010110
1110011111010111
1110011111011000
1110011111011001
1110011111011010
1110011111011011
1110011111011100
1110011111011101
1110011111011110
1110011111011111
1110011111100000
1110011111100001
1110011111100010
1110011111100011
1110011111100100
1110011111100101
1110011111100110
1110011111100111
1110011111101000
1110011111101001
1110011111101010
1110011111101011
1110011111101100
1110011111101101
1110011111101110
1110011111101111
1110011111110000
1110011111110001
1110011111110010
1110011111110011
1110011111110100
1110011111110101
1110011111110110
1110011111110111
1110011111111000
1110011111111001
1110011111111010
1110011111111011
1110011111111100
1110011111111101
1110011111111110
1110011111111111
1110100000000000
1110100000000001
1110100000000010
1110100000000011
1110100000000100
1110100000000101
1110100000000110
1110100000000111
1110100000001000
1110100000001001
1110100000001010
1110100000001011
1110100000001100
1110100000001101
1110100000001110
1110100000001111
1110100000010000
1110100000010001
1110100000010010
1110100000010011
1110100000010100
1110100000010101
1110100000010110
1110100000010111
1110100000011000
1110100000011001
1110100000011010
1110100000011011
1110100000011100
1110100000011101
1110100000011110
1110100000011111
1110100000100000
1110100000100001
1110100000100010
1110100000100011
1110100000100100
1110100000100101
1110100000100110
1110100000100111
1110100000101000
1110100000101001
1110100000101010
1110100000101011
1110100000101100
1110100000101101
1110100000101110
1110100000101111
1110100000110000
1110100000110001
1110100000110010
1110100000110011
1110100000110100
1110100000110101
1110100000110110
1110100000110111
1110100000111000
1110100000111001
1110100000111010
1110100000111011
1110100000111100
1110100000111101
1110100000111110
1110100000111111
1110100001000000
1110100001000001
1110100001000010
1110100001000011
1110100001000100
1110100001000101
1110100001000110
1110100001000111
1110100001001000
1110100001001001
1110100001001010
1110100001001011
1110100001001100
1110100001001101
1110100001001110
1110100001001111
1110100001010000
1110100001010001
1110100001010010
1110100001010011
1110100001010100
1110100001010101
1110100001010110
1110100001010111
1110100001011000
1110100001011001
1110100001011010
1110100001011011
1110100001011100
1110100001011101
1110100001011110
1110100001011111
1110100001100000
1110100001100001
1110100001100010
1110100001100011
1110100001100100
1110100001100101
1110100001100110
1110100001100111
1110100001101000
1110100001101001
1110100001101010
1110100001101011
1110100001101100
1110100001101101
1110100001101110
1110100001101111
1110100001110000
1110100001110001
1110100001110010
1110100001110011
1110100001110100
1110100001110101
1110100001110110
1110100001110111
1110100001111000
1110100001111001
1110100001111010
1110100001111011
1110100001111100
1110100001111101
1110100001111110
1110100001111111
1110100010000000
1110100010000001
1110100010000010
1110100010000011
1110100010000100
1110100010000101
1110100010000110
1110100010000111
1110100010001000
1110100010001001
1110100010001010
1110100010001011
1110100010001100
1110100010001101
1110100010001110
1110100010001111
1110100010010000
1110100010010001
1110100010010010
1110100010010011
1110100010010100
1110100010010101
1110100010010110
1110100010010111
1110100010011000
1110100010011001
1110100010011010
1110100010011011
1110100010011100
1110100010011101
1110100010011110
1110100010011111
1110100010100000
1110100010100001
1110100010100010
1110100010100011
1110100010100100
1110100010100101
1110100010100110
1110100010100111
1110100010101000
1110100010101001
1110100010101010
1110100010101011
1110100010101100
1110100010101101
1110100010101110
1110100010101111
1110100010110000
1110100010110001
1110100010110010
1110100010110011
1110100010110100
1110100010110101
1110100010110110
1110100010110111
1110100010111000
1110100010111001
1110100010111010
1110100010111011
1110100010111100
1110100010111101
1110100010111110
1110100010111111
1110100011000000
1110100011000001
1110100011000010
1110100011000011
1110100011000100
1110100011000101
1110100011000110
1110100011000111
1110100011001000
1110100011001001
1110100011001010
1110100011001011
1110100011001100
1110100011001101
1110100011001110
1110100011001111
1110100011010000
1110100011010001
1110100011010010
1110100011010011
1110100011010100
1110100011010101
1110100011010110
1110100011010111
1110100011011000
1110100011011001
1110100011011010
1110100011011011
1110100011011100
1110100011011101
1110100011011110
1110100011011111
1110100011100000
1110100011100001
1110100011100010
1110100011100011
1110100011100100
1110100011100101
1110100011100110
1110100011100111
1110100011101000
1110100011101001
1110100011101010
1110100011101011
1110100011101100
1110100011101101
1110100011101110
1110100011101111
1110100011110000
1110100011110001
1110100011110010
1110100011110011
1110100011110100
1110100011110101
1110100011110110
1110100011110111
1110100011111000
1110100011111001
1110100011111010
1110100011111011
1110100011111100
1110100011111101
1110100011111110
1110100011111111
1110100100000000
1110100100000001
1110100100000010
1110100100000011
1110100100000100
1110100100000101
1110100100000110
1110100100000111
1110100100001000
1110100100001001
1110100100001010
1110100100001011
1110100100001100
1110100100001101
1110100100001110
1110100100001111
1110100100010000
1110100100010001
1110100100010010
1110100100010011
1110100100010100
1110100100010101
1110100100010110
1110100100010111
1110100100011000
1110100100011001
1110100100011010
1110100100011011
1110100100011100
1110100100011101
1110100100011110
1110100100011111
1110100100100000
1110100100100001
1110100100100010
1110100100100011
1110100100100100
1110100100100101
1110100100100110
1110100100100111
1110100100101000
1110100100101001
1110100100101010
1110100100101011
1110100100101100
1110100100101101
1110100100101110
1110100100101111
1110100100110000
1110100100110001
1110100100110010
1110100100110011
1110100100110100
1110100100110101
1110100100110110
1110100100110111
1110100100111000
1110100100111001
1110100100111010
1110100100111011
1110100100111100
1110100100111101
1110100100111110
1110100100111111
1110100101000000
1110100101000001
1110100101000010
1110100101000011
1110100101000100
1110100101000101
1110100101000110
1110100101000111
1110100101001000
1110100101001001
1110100101001010
1110100101001011
1110100101001100
1110100101001101
1110100101001110
1110100101001111
1110100101010000
1110100101010001
1110100101010010
1110100101010011
1110100101010100
1110100101010101
1110100101010110
1110100101010111
1110100101011000
1110100101011001
1110100101011010
1110100101011011
1110100101011100
1110100101011101
1110100101011110
1110100101011111
1110100101100000
1110100101100001
1110100101100010
1110100101100011
1110100101100100
1110100101100101
1110100101100110
1110100101100111
1110100101101000
1110100101101001
1110100101101010
1110100101101011
1110100101101100
1110100101101101
1110100101101110
1110100101101111
1110100101110000
1110100101110001
1110100101110010
1110100101110011
1110100101110100
1110100101110101
1110100101110110
1110100101110111
1110100101111000
1110100101111001
1110100101111010
1110100101111011
1110100101111100
1110100101111101
1110100101111110
1110100101111111
1110100110000000
1110100110000001
1110100110000010
1110100110000011
1110100110000100
1110100110000101
1110100110000110
1110100110000111
1110100110001000
1110100110001001
1110100110001010
1110100110001011
1110100110001100
1110100110001101
1110100110001110
1110100110001111
1110100110010000
1110100110010001
1110100110010010
1110100110010011
1110100110010100
1110100110010101
1110100110010110
1110100110010111
1110100110011000
1110100110011001
1110100110011010
1110100110011011
1110100110011100
1110100110011101
1110100110011110
1110100110011111
1110100110100000
1110100110100001
1110100110100010
1110100110100011
1110100110100100
1110100110100101
1110100110100110
1110100110100111
1110100110101000
1110100110101001
1110100110101010
1110100110101011
1110100110101100
1110100110101101
1110100110101110
1110100110101111
1110100110110000
1110100110110001
1110100110110010
1110100110110011
1110100110110100
1110100110110101
1110100110110110
1110100110110111
1110100110111000
1110100110111001
1110100110111010
1110100110111011
1110100110111100
1110100110111101
1110100110111110
1110100110111111
1110100111000000
1110100111000001
1110100111000010
1110100111000011
1110100111000100
1110100111000101
1110100111000110
1110100111000111
1110100111001000
1110100111001001
1110100111001010
1110100111001011
1110100111001100
1110100111001101
1110100111001110
1110100111001111
1110100111010000
1110100111010001
1110100111010010
1110100111010011
1110100111010100
1110100111010101
1110100111010110
1110100111010111
1110100111011000
1110100111011001
1110100111011010
1110100111011011
1110100111011100
1110100111011101
1110100111011110
1110100111011111
1110100111100000
1110100111100001
1110100111100010
1110100111100011
1110100111100100
1110100111100101
1110100111100110
1110100111100111
1110100111101000
1110100111101001
1110100111101010
1110100111101011
1110100111101100
1110100111101101
1110100111101110
1110100111101111
1110100111110000
1110100111110001
1110100111110010
1110100111110011
1110100111110100
1110100111110101
1110100111110110
1110100111110111
1110100111111000
1110100111111001
1110100111111010
1110100111111011
1110100111111100
1110100111111101
1110100111111110
1110100111111111
1110101000000000
1110101000000001
1110101000000010
1110101000000011
1110101000000100
1110101000000101
1110101000000110
1110101000000111
1110101000001000
1110101000001001
1110101000001010
1110101000001011
1110101000001100
1110101000001101
1110101000001110
1110101000001111
1110101000010000
1110101000010001
1110101000010010
1110101000010011
1110101000010100
1110101000010101
1110101000010110
1110101000010111
1110101000011000
1110101000011001
1110101000011010
1110101000011011
1110101000011100
1110101000011101
1110101000011110
1110101000011111
1110101000100000
1110101000100001
1110101000100010
1110101000100011
1110101000100100
1110101000100101
1110101000100110
1110101000100111
1110101000101000
1110101000101001
1110101000101010
1110101000101011
1110101000101100
1110101000101101
1110101000101110
1110101000101111
1110101000110000
1110101000110001
1110101000110010
1110101000110011
1110101000110100
1110101000110101
1110101000110110
1110101000110111
1110101000111000
1110101000111001
1110101000111010
1110101000111011
1110101000111100
1110101000111101
1110101000111110
1110101000111111
1110101001000000
1110101001000001
1110101001000010
1110101001000011
1110101001000100
1110101001000101
1110101001000110
1110101001000111
1110101001001000
1110101001001001
1110101001001010
1110101001001011
1110101001001100
1110101001001101
1110101001001110
1110101001001111
1110101001010000
1110101001010001
1110101001010010
1110101001010011
1110101001010100
1110101001010101
1110101001010110
1110101001010111
1110101001011000
1110101001011001
1110101001011010
1110101001011011
1110101001011100
1110101001011101
1110101001011110
1110101001011111
1110101001100000
1110101001100001
1110101001100010
1110101001100011
1110101001100100
1110101001100101
1110101001100110
1110101001100111
1110101001101000
1110101001101001
1110101001101010
1110101001101011
1110101001101100
1110101001101101
1110101001101110
1110101001101111
1110101001110000
1110101001110001
1110101001110010
1110101001110011
1110101001110100
1110101001110101
1110101001110110
1110101001110111
1110101001111000
1110101001111001
1110101001111010
1110101001111011
1110101001111100
1110101001111101
1110101001111110
1110101001111111
1110101010000000
1110101010000001
1110101010000010
1110101010000011
1110101010000100
1110101010000101
1110101010000110
1110101010000111
1110101010001000
1110101010001001
1110101010001010
1110101010001011
1110101010001100
1110101010001101
1110101010001110
1110101010001111
1110101010010000
1110101010010001
1110101010010010
1110101010010011
1110101010010100
1110101010010101
1110101010010110
1110101010010111
1110101010011000
1110101010011001
1110101010011010
1110101010011011
1110101010011100
1110101010011101
1110101010011110
1110101010011111
1110101010100000
1110101010100001
1110101010100010
1110101010100011
1110101010100100
1110101010100101
1110101010100110
1110101010100111
1110101010101000
1110101010101001
1110101010101010
1110101010101011
1110101010101100
1110101010101101
1110101010101110
1110101010101111
1110101010110000
1110101010110001
1110101010110010
1110101010110011
1110101010110100
1110101010110101
1110101010110110
1110101010110111
1110101010111000
1110101010111001
1110101010111010
1110101010111011
1110101010111100
1110101010111101
1110101010111110
1110101010111111
1110101011000000
1110101011000001
1110101011000010
1110101011000011
1110101011000100
1110101011000101
1110101011000110
1110101011000111
1110101011001000
1110101011001001
1110101011001010
1110101011001011
1110101011001100
1110101011001101
1110101011001110
1110101011001111
1110101011010000
1110101011010001
1110101011010010
1110101011010011
1110101011010100
1110101011010101
1110101011010110
1110101011010111
1110101011011000
1110101011011001
1110101011011010
1110101011011011
1110101011011100
1110101011011101
1110101011011110
1110101011011111
1110101011100000
1110101011100001
1110101011100010
1110101011100011
1110101011100100
1110101011100101
1110101011100110
1110101011100111
1110101011101000
1110101011101001
1110101011101010
1110101011101011
1110101011101100
1110101011101101
1110101011101110
1110101011101111
1110101011110000
1110101011110001
1110101011110010
1110101011110011
1110101011110100
1110101011110101
1110101011110110
1110101011110111
1110101011111000
1110101011111001
1110101011111010
1110101011111011
1110101011111100
1110101011111101
1110101011111110
1110101011111111
1110101100000000
1110101100000001
1110101100000010
1110101100000011
1110101100000100
1110101100000101
1110101100000110
1110101100000111
1110101100001000
1110101100001001
1110101100001010
1110101100001011
1110101100001100
1110101100001101
1110101100001110
1110101100001111
1110101100010000
1110101100010001
1110101100010010
1110101100010011
1110101100010100
1110101100010101
1110101100010110
1110101100010111
1110101100011000
1110101100011001
1110101100011010
1110101100011011
1110101100011100
1110101100011101
1110101100011110
1110101100011111
1110101100100000
1110101100100001
1110101100100010
1110101100100011
1110101100100100
1110101100100101
1110101100100110
1110101100100111
1110101100101000
1110101100101001
1110101100101010
1110101100101011
1110101100101100
1110101100101101
1110101100101110
1110101100101111
1110101100110000
1110101100110001
1110101100110010
1110101100110011
1110101100110100
1110101100110101
1110101100110110
1110101100110111
1110101100111000
1110101100111001
1110101100111010
1110101100111011
1110101100111100
1110101100111101
1110101100111110
1110101100111111
1110101101000000
1110101101000001
1110101101000010
1110101101000011
1110101101000100
1110101101000101
1110101101000110
1110101101000111
1110101101001000
1110101101001001
1110101101001010
1110101101001011
1110101101001100
1110101101001101
1110101101001110
1110101101001111
1110101101010000
1110101101010001
1110101101010010
1110101101010011
1110101101010100
1110101101010101
1110101101010110
1110101101010111
1110101101011000
1110101101011001
1110101101011010
1110101101011011
1110101101011100
1110101101011101
1110101101011110
1110101101011111
1110101101100000
1110101101100001
1110101101100010
1110101101100011
1110101101100100
1110101101100101
1110101101100110
1110101101100111
1110101101101000
1110101101101001
1110101101101010
1110101101101011
1110101101101100
1110101101101101
1110101101101110
1110101101101111
1110101101110000
1110101101110001
1110101101110010
1110101101110011
1110101101110100
1110101101110101
1110101101110110
1110101101110111
1110101101111000
1110101101111001
1110101101111010
1110101101111011
1110101101111100
1110101101111101
1110101101111110
1110101101111111
1110101110000000
1110101110000001
1110101110000010
1110101110000011
1110101110000100
1110101110000101
1110101110000110
1110101110000111
1110101110001000
1110101110001001
1110101110001010
1110101110001011
1110101110001100
1110101110001101
1110101110001110
1110101110001111
1110101110010000
1110101110010001
1110101110010010
1110101110010011
1110101110010100
1110101110010101
1110101110010110
1110101110010111
1110101110011000
1110101110011001
1110101110011010
1110101110011011
1110101110011100
1110101110011101
1110101110011110
1110101110011111
1110101110100000
1110101110100001
1110101110100010
1110101110100011
1110101110100100
1110101110100101
1110101110100110
1110101110100111
1110101110101000
1110101110101001
1110101110101010
1110101110101011
1110101110101100
1110101110101101
1110101110101110
1110101110101111
1110101110110000
1110101110110001
1110101110110010
1110101110110011
1110101110110100
1110101110110101
1110101110110110
1110101110110111
1110101110111000
1110101110111001
1110101110111010
1110101110111011
1110101110111100
1110101110111101
1110101110111110
1110101110111111
1110101111000000
1110101111000001
1110101111000010
1110101111000011
1110101111000100
1110101111000101
1110101111000110
1110101111000111
1110101111001000
1110101111001001
1110101111001010
1110101111001011
1110101111001100
1110101111001101
1110101111001110
1110101111001111
1110101111010000
1110101111010001
1110101111010010
1110101111010011
1110101111010100
1110101111010101
1110101111010110
1110101111010111
1110101111011000
1110101111011001
1110101111011010
1110101111011011
1110101111011100
1110101111011101
1110101111011110
1110101111011111
1110101111100000
1110101111100001
1110101111100010
1110101111100011
1110101111100100
1110101111100101
1110101111100110
1110101111100111
1110101111101000
1110101111101001
1110101111101010
1110101111101011
1110101111101100
1110101111101101
1110101111101110
1110101111101111
1110101111110000
1110101111110001
1110101111110010
1110101111110011
1110101111110100
1110101111110101
1110101111110110
1110101111110111
1110101111111000
1110101111111001
1110101111111010
1110101111111011
1110101111111100
1110101111111101
1110101111111110
1110101111111111
1110110000000000
1110110000000001
1110110000000010
1110110000000011
1110110000000100
1110110000000101
1110110000000110
1110110000000111
1110110000001000
1110110000001001
1110110000001010
1110110000001011
1110110000001100
1110110000001101
1110110000001110
1110110000001111
1110110000010000
1110110000010001
1110110000010010
1110110000010011
1110110000010100
1110110000010101
1110110000010110
1110110000010111
1110110000011000
1110110000011001
1110110000011010
1110110000011011
1110110000011100
1110110000011101
1110110000011110
1110110000011111
1110110000100000
1110110000100001
1110110000100010
1110110000100011
1110110000100100
1110110000100101
1110110000100110
1110110000100111
1110110000101000
1110110000101001
1110110000101010
1110110000101011
1110110000101100
1110110000101101
1110110000101110
1110110000101111
1110110000110000
1110110000110001
1110110000110010
1110110000110011
1110110000110100
1110110000110101
1110110000110110
1110110000110111
1110110000111000
1110110000111001
1110110000111010
1110110000111011
1110110000111100
1110110000111101
1110110000111110
1110110000111111
1110110001000000
1110110001000001
1110110001000010
1110110001000011
1110110001000100
1110110001000101
1110110001000110
1110110001000111
1110110001001000
1110110001001001
1110110001001010
1110110001001011
1110110001001100
1110110001001101
1110110001001110
1110110001001111
1110110001010000
1110110001010001
1110110001010010
1110110001010011
1110110001010100
1110110001010101
1110110001010110
1110110001010111
1110110001011000
1110110001011001
1110110001011010
1110110001011011
1110110001011100
1110110001011101
1110110001011110
1110110001011111
1110110001100000
1110110001100001
1110110001100010
1110110001100011
1110110001100100
1110110001100101
1110110001100110
1110110001100111
1110110001101000
1110110001101001
1110110001101010
1110110001101011
1110110001101100
1110110001101101
1110110001101110
1110110001101111
1110110001110000
1110110001110001
1110110001110010
1110110001110011
1110110001110100
1110110001110101
1110110001110110
1110110001110111
1110110001111000
1110110001111001
1110110001111010
1110110001111011
1110110001111100
1110110001111101
1110110001111110
1110110001111111
1110110010000000
1110110010000001
1110110010000010
1110110010000011
1110110010000100
1110110010000101
1110110010000110
1110110010000111
1110110010001000
1110110010001001
1110110010001010
1110110010001011
1110110010001100
1110110010001101
1110110010001110
1110110010001111
1110110010010000
1110110010010001
1110110010010010
1110110010010011
1110110010010100
1110110010010101
1110110010010110
1110110010010111
1110110010011000
1110110010011001
1110110010011010
1110110010011011
1110110010011100
1110110010011101
1110110010011110
1110110010011111
1110110010100000
1110110010100001
1110110010100010
1110110010100011
1110110010100100
1110110010100101
1110110010100110
1110110010100111
1110110010101000
1110110010101001
1110110010101010
1110110010101011
1110110010101100
1110110010101101
1110110010101110
1110110010101111
1110110010110000
1110110010110001
1110110010110010
1110110010110011
1110110010110100
1110110010110101
1110110010110110
1110110010110111
1110110010111000
1110110010111001
1110110010111010
1110110010111011
1110110010111100
1110110010111101
1110110010111110
1110110010111111
1110110011000000
1110110011000001
1110110011000010
1110110011000011
1110110011000100
1110110011000101
1110110011000110
1110110011000111
1110110011001000
1110110011001001
1110110011001010
1110110011001011
1110110011001100
1110110011001101
1110110011001110
1110110011001111
1110110011010000
1110110011010001
1110110011010010
1110110011010011
1110110011010100
1110110011010101
1110110011010110
1110110011010111
1110110011011000
1110110011011001
1110110011011010
1110110011011011
1110110011011100
1110110011011101
1110110011011110
1110110011011111
1110110011100000
1110110011100001
1110110011100010
1110110011100011
1110110011100100
1110110011100101
1110110011100110
1110110011100111
1110110011101000
1110110011101001
1110110011101010
1110110011101011
1110110011101100
1110110011101101
1110110011101110
1110110011101111
1110110011110000
1110110011110001
1110110011110010
1110110011110011
1110110011110100
1110110011110101
1110110011110110
1110110011110111
1110110011111000
1110110011111001
1110110011111010
1110110011111011
1110110011111100
1110110011111101
1110110011111110
1110110011111111
1110110100000000
1110110100000001
1110110100000010
1110110100000011
1110110100000100
1110110100000101
1110110100000110
1110110100000111
1110110100001000
1110110100001001
1110110100001010
1110110100001011
1110110100001100
1110110100001101
1110110100001110
1110110100001111
1110110100010000
1110110100010001
1110110100010010
1110110100010011
1110110100010100
1110110100010101
1110110100010110
1110110100010111
1110110100011000
1110110100011001
1110110100011010
1110110100011011
1110110100011100
1110110100011101
1110110100011110
1110110100011111
1110110100100000
1110110100100001
1110110100100010
1110110100100011
1110110100100100
1110110100100101
1110110100100110
1110110100100111
1110110100101000
1110110100101001
1110110100101010
1110110100101011
1110110100101100
1110110100101101
1110110100101110
1110110100101111
1110110100110000
1110110100110001
1110110100110010
1110110100110011
1110110100110100
1110110100110101
1110110100110110
1110110100110111
1110110100111000
1110110100111001
1110110100111010
1110110100111011
1110110100111100
1110110100111101
1110110100111110
1110110100111111
1110110101000000
1110110101000001
1110110101000010
1110110101000011
1110110101000100
1110110101000101
1110110101000110
1110110101000111
1110110101001000
1110110101001001
1110110101001010
1110110101001011
1110110101001100
1110110101001101
1110110101001110
1110110101001111
1110110101010000
1110110101010001
1110110101010010
1110110101010011
1110110101010100
1110110101010101
1110110101010110
1110110101010111
1110110101011000
1110110101011001
1110110101011010
1110110101011011
1110110101011100
1110110101011101
1110110101011110
1110110101011111
1110110101100000
1110110101100001
1110110101100010
1110110101100011
1110110101100100
1110110101100101
1110110101100110
1110110101100111
1110110101101000
1110110101101001
1110110101101010
1110110101101011
1110110101101100
1110110101101101
1110110101101110
1110110101101111
1110110101110000
1110110101110001
1110110101110010
1110110101110011
1110110101110100
1110110101110101
1110110101110110
1110110101110111
1110110101111000
1110110101111001
1110110101111010
1110110101111011
1110110101111100
1110110101111101
1110110101111110
1110110101111111
1110110110000000
1110110110000001
1110110110000010
1110110110000011
1110110110000100
1110110110000101
1110110110000110
1110110110000111
1110110110001000
1110110110001001
1110110110001010
1110110110001011
1110110110001100
1110110110001101
1110110110001110
1110110110001111
1110110110010000
1110110110010001
1110110110010010
1110110110010011
1110110110010100
1110110110010101
1110110110010110
1110110110010111
1110110110011000
1110110110011001
1110110110011010
1110110110011011
1110110110011100
1110110110011101
1110110110011110
1110110110011111
1110110110100000
1110110110100001
1110110110100010
1110110110100011
1110110110100100
1110110110100101
1110110110100110
1110110110100111
1110110110101000
1110110110101001
1110110110101010
1110110110101011
1110110110101100
1110110110101101
1110110110101110
1110110110101111
1110110110110000
1110110110110001
1110110110110010
1110110110110011
1110110110110100
1110110110110101
1110110110110110
1110110110110111
1110110110111000
1110110110111001
1110110110111010
1110110110111011
1110110110111100
1110110110111101
1110110110111110
1110110110111111
1110110111000000
1110110111000001
1110110111000010
1110110111000011
1110110111000100
1110110111000101
1110110111000110
1110110111000111
1110110111001000
1110110111001001
1110110111001010
1110110111001011
1110110111001100
1110110111001101
1110110111001110
1110110111001111
1110110111010000
1110110111010001
1110110111010010
1110110111010011
1110110111010100
1110110111010101
1110110111010110
1110110111010111
1110110111011000
1110110111011001
1110110111011010
1110110111011011
1110110111011100
1110110111011101
1110110111011110
1110110111011111
1110110111100000
1110110111100001
1110110111100010
1110110111100011
1110110111100100
1110110111100101
1110110111100110
1110110111100111
1110110111101000
1110110111101001
1110110111101010
1110110111101011
1110110111101100
1110110111101101
1110110111101110
1110110111101111
1110110111110000
1110110111110001
1110110111110010
1110110111110011
1110110111110100
1110110111110101
1110110111110110
1110110111110111
1110110111111000
1110110111111001
1110110111111010
1110110111111011
1110110111111100
1110110111111101
1110110111111110
1110110111111111
1110111000000000
1110111000000001
1110111000000010
1110111000000011
1110111000000100
1110111000000101
1110111000000110
1110111000000111
1110111000001000
1110111000001001
1110111000001010
1110111000001011
1110111000001100
1110111000001101
1110111000001110
1110111000001111
1110111000010000
1110111000010001
1110111000010010
1110111000010011
1110111000010100
1110111000010101
1110111000010110
1110111000010111
1110111000011000
1110111000011001
1110111000011010
1110111000011011
1110111000011100
1110111000011101
1110111000011110
1110111000011111
1110111000100000
1110111000100001
1110111000100010
1110111000100011
1110111000100100
1110111000100101
1110111000100110
1110111000100111
1110111000101000
1110111000101001
1110111000101010
1110111000101011
1110111000101100
1110111000101101
1110111000101110
1110111000101111
1110111000110000
1110111000110001
1110111000110010
1110111000110011
1110111000110100
1110111000110101
1110111000110110
1110111000110111
1110111000111000
1110111000111001
1110111000111010
1110111000111011
1110111000111100
1110111000111101
1110111000111110
1110111000111111
1110111001000000
1110111001000001
1110111001000010
1110111001000011
1110111001000100
1110111001000101
1110111001000110
1110111001000111
1110111001001000
1110111001001001
1110111001001010
1110111001001011
1110111001001100
1110111001001101
1110111001001110
1110111001001111
1110111001010000
1110111001010001
1110111001010010
1110111001010011
1110111001010100
1110111001010101
1110111001010110
1110111001010111
1110111001011000
1110111001011001
1110111001011010
1110111001011011
1110111001011100
1110111001011101
1110111001011110
1110111001011111
1110111001100000
1110111001100001
1110111001100010
1110111001100011
1110111001100100
1110111001100101
1110111001100110
1110111001100111
1110111001101000
1110111001101001
1110111001101010
1110111001101011
1110111001101100
1110111001101101
1110111001101110
1110111001101111
1110111001110000
1110111001110001
1110111001110010
1110111001110011
1110111001110100
1110111001110101
1110111001110110
1110111001110111
1110111001111000
1110111001111001
1110111001111010
1110111001111011
1110111001111100
1110111001111101
1110111001111110
1110111001111111
1110111010000000
1110111010000001
1110111010000010
1110111010000011
1110111010000100
1110111010000101
1110111010000110
1110111010000111
1110111010001000
1110111010001001
1110111010001010
1110111010001011
1110111010001100
1110111010001101
1110111010001110
1110111010001111
1110111010010000
1110111010010001
1110111010010010
1110111010010011
1110111010010100
1110111010010101
1110111010010110
1110111010010111
1110111010011000
1110111010011001
1110111010011010
1110111010011011
1110111010011100
1110111010011101
1110111010011110
1110111010011111
1110111010100000
1110111010100001
1110111010100010
1110111010100011
1110111010100100
1110111010100101
1110111010100110
1110111010100111
1110111010101000
1110111010101001
1110111010101010
1110111010101011
1110111010101100
1110111010101101
1110111010101110
1110111010101111
1110111010110000
1110111010110001
1110111010110010
1110111010110011
1110111010110100
1110111010110101
1110111010110110
1110111010110111
1110111010111000
1110111010111001
1110111010111010
1110111010111011
1110111010111100
1110111010111101
1110111010111110
1110111010111111
1110111011000000
1110111011000001
1110111011000010
1110111011000011
1110111011000100
1110111011000101
1110111011000110
1110111011000111
1110111011001000
1110111011001001
1110111011001010
1110111011001011
1110111011001100
1110111011001101
1110111011001110
1110111011001111
1110111011010000
1110111011010001
1110111011010010
1110111011010011
1110111011010100
1110111011010101
1110111011010110
1110111011010111
1110111011011000
1110111011011001
1110111011011010
1110111011011011
1110111011011100
1110111011011101
1110111011011110
1110111011011111
1110111011100000
1110111011100001
1110111011100010
1110111011100011
1110111011100100
1110111011100101
1110111011100110
1110111011100111
1110111011101000
1110111011101001
1110111011101010
1110111011101011
1110111011101100
1110111011101101
1110111011101110
1110111011101111
1110111011110000
1110111011110001
1110111011110010
1110111011110011
1110111011110100
1110111011110101
1110111011110110
1110111011110111
1110111011111000
1110111011111001
1110111011111010
1110111011111011
1110111011111100
1110111011111101
1110111011111110
1110111011111111
1110111100000000
1110111100000001
1110111100000010
1110111100000011
1110111100000100
1110111100000101
1110111100000110
1110111100000111
1110111100001000
1110111100001001
1110111100001010
1110111100001011
1110111100001100
1110111100001101
1110111100001110
1110111100001111
1110111100010000
1110111100010001
1110111100010010
1110111100010011
1110111100010100
1110111100010101
1110111100010110
1110111100010111
1110111100011000
1110111100011001
1110111100011010
1110111100011011
1110111100011100
1110111100011101
1110111100011110
1110111100011111
1110111100100000
1110111100100001
1110111100100010
1110111100100011
1110111100100100
1110111100100101
1110111100100110
1110111100100111
1110111100101000
1110111100101001
1110111100101010
1110111100101011
1110111100101100
1110111100101101
1110111100101110
1110111100101111
1110111100110000
1110111100110001
1110111100110010
1110111100110011
1110111100110100
1110111100110101
1110111100110110
1110111100110111
1110111100111000
1110111100111001
1110111100111010
1110111100111011
1110111100111100
1110111100111101
1110111100111110
1110111100111111
1110111101000000
1110111101000001
1110111101000010
1110111101000011
1110111101000100
1110111101000101
1110111101000110
1110111101000111
1110111101001000
1110111101001001
1110111101001010
1110111101001011
1110111101001100
1110111101001101
1110111101001110
1110111101001111
1110111101010000
1110111101010001
1110111101010010
1110111101010011
1110111101010100
1110111101010101
1110111101010110
1110111101010111
1110111101011000
1110111101011001
1110111101011010
1110111101011011
1110111101011100
1110111101011101
1110111101011110
1110111101011111
1110111101100000
1110111101100001
1110111101100010
1110111101100011
1110111101100100
1110111101100101
1110111101100110
1110111101100111
1110111101101000
1110111101101001
1110111101101010
1110111101101011
1110111101101100
1110111101101101
1110111101101110
1110111101101111
1110111101110000
1110111101110001
1110111101110010
1110111101110011
1110111101110100
1110111101110101
1110111101110110
1110111101110111
1110111101111000
1110111101111001
1110111101111010
1110111101111011
1110111101111100
1110111101111101
1110111101111110
1110111101111111
1110111110000000
1110111110000001
1110111110000010
1110111110000011
1110111110000100
1110111110000101
1110111110000110
1110111110000111
1110111110001000
1110111110001001
1110111110001010
1110111110001011
1110111110001100
1110111110001101
1110111110001110
1110111110001111
1110111110010000
1110111110010001
1110111110010010
1110111110010011
1110111110010100
1110111110010101
1110111110010110
1110111110010111
1110111110011000
1110111110011001
1110111110011010
1110111110011011
1110111110011100
1110111110011101
1110111110011110
1110111110011111
1110111110100000
1110111110100001
1110111110100010
1110111110100011
1110111110100100
1110111110100101
1110111110100110
1110111110100111
1110111110101000
1110111110101001
1110111110101010
1110111110101011
1110111110101100
1110111110101101
1110111110101110
1110111110101111
1110111110110000
1110111110110001
1110111110110010
1110111110110011
1110111110110100
1110111110110101
1110111110110110
1110111110110111
1110111110111000
1110111110111001
1110111110111010
1110111110111011
1110111110111100
1110111110111101
1110111110111110
1110111110111111
1110111111000000
1110111111000001
1110111111000010
1110111111000011
1110111111000100
1110111111000101
1110111111000110
1110111111000111
1110111111001000
1110111111001001
1110111111001010
1110111111001011
1110111111001100
1110111111001101
1110111111001110
1110111111001111
1110111111010000
1110111111010001
1110111111010010
1110111111010011
1110111111010100
1110111111010101
1110111111010110
1110111111010111
1110111111011000
1110111111011001
1110111111011010
1110111111011011
1110111111011100
1110111111011101
1110111111011110
1110111111011111
1110111111100000
1110111111100001
1110111111100010
1110111111100011
1110111111100100
1110111111100101
1110111111100110
1110111111100111
1110111111101000
1110111111101001
1110111111101010
1110111111101011
1110111111101100
1110111111101101
1110111111101110
1110111111101111
1110111111110000
1110111111110001
1110111111110010
1110111111110011
1110111111110100
1110111111110101
1110111111110110
1110111111110111
1110111111111000
1110111111111001
1110111111111010
1110111111111011
1110111111111100
1110111111111101
1110111111111110
1110111111111111
