59020
60627
59541
57603
58181
59556
60165
57676
57548
59087
58469
58399
57933
60436
57675
58193
60000
57995
58134
58543
60438
57408
58979
57682
58951
58436
58727
58794
57604
59496
57432
60000
59698
60108
60808
60677
58640
60077
57472
59572
58393
58628
57520
59682
58047
58455
60673
57683
59395
57910
59648
58649
58527
57698
59034
60827
59530
57599
58762
59791
59751
59585
59465
58443
58663
59409
58664
60691
58436
58792
59814
60086
60808
60594
58715
58523
58063
58969
58929
60115
60237
58124
58441
57898
58587
60831
57866
60807
57537
60004
60196
60556
59017
58586
58007
57484
57545
59589
57711
59396