58900
60457
60112
60053
58464
57681
59936
59605
57497
60496
58631
57474
58767
59052
60580
57933
59027
57768
59931
58921
57873
57371
58071
58934
60610
57526
59929
60096
57413
57511
59831
59666
57517
59651
59396
58668
60569
58148
57414
60748
57730
58703
57356
59462
57558
57485
60597
59529
58514
59606
57999
59045
60113
58886
61439
59820
59755
60465
58922
60438
60671
57894
58959
60844
60743
57898
58651
60449
58783
59456
60745
59948
57702
60759
58777
57994
57858
58515
60739
59715
57688
57873
58436
60595
60080
58905
59557
58794
58449
58027
58783
58127
59405
57544
58646
59012
58130
60688
58532
60427
