0
57995
58475
57425
60457
59799
59930
0
59748
58500
58647
57379
59648
58518
59779
58522
58901
58399
59823
0
59818
60518
60227
58923
59927
59615
57953
0
57479
58432
57512
0
0
60630
58980
58002
58477
57904
57791
60245
59412
60778
60485
0
58437
58694
59093
59079
60453
60267
58028
59819
60469
57453
0
0
60233
0
59602
57604
60824
59801
59819
58951
60044
57739
59828
57625
58507
57357
57525
58039
60807
57558
57562
59937
59647
60072
57761
60593
59554
59560
58920
59571
60179
59684
58639
59594
58402
58383
0
58367
57734
59799
0
60500
60822
59606
