60264
57600
58963
58754
57371
57964
59459
60059
59053
59931
57613
59929
58577
60755
57555
60236
57543
57346
58967
60080
59944
60171
60624
57621
57883
60466
59042
57517
58639
60122
60423
58021
60506
58457
59703
57428
59094
58025
60713
57984
60710
57434
57521
58898
60863
58369
58758
58010
58371
60639
60843
57863
60485
60608
58143
57442
60623
60634
58123
58395
59925
57618
59080
59981
59465
58458
60076
58134
59905
59928
58902
59686
60036
59085
58132
60567
60807
59801
57674
58177
59574
58129
58770
58945
58408
60427
59736
58038
60072
60627
59096
59609
57858
58006
58545
59980
59409
58192
60845
58130
