60804
57995
58475
57425
60457
59799
59930
58711
59592
60711
58952
58500
59732
60562
59648
58518
59779
58522
58901
58399
57768
57755
59818
60518
60227
58923
60598
59615
57953
59908
58157
58432
57512
59559
58985
60630
58372
58002
58477
57508
57791
60245
59412
60778
60485
57908
58437
59398
59093
60691
60453
60267
58028
59819
60469
57453
57882
60621
60233
59043
59602
57604
60824
59801
59819
58951
60044
57739
59828
57625
58507
57357
57525
60578
60807
57558
57562
58789
59647
60072
58587
59648
59554
59560
58920
59571
60179
59684
59079
59594
58402
58383
60454
58367
57734
59821
60639
60562
60822
59606
